,id,Constituency,Country/Region,Con Vote,Labour Vote,Liberal Vote,SNP/PC Vote,DUP Vote,OUP Vote,SDLP Vote,Alliance Vote,Other Vote,Total votes
0,1,ABERAVON,Wales,0.2472098322977737,0.6167585360627958,0.09006447089071112,0.03805925089110068,,,,,0.007907909857618666,51341
1,2,ABERDARE,Wales,0.17282198237767482,0.7154985404001178,,0.09780658292937679,,,,,0.013872894292830552,37339
2,3,ABERDEEN NORTH,Scotland,0.16973687127308196,0.5934472745006761,0.10833277914477622,0.12848307508146573,,,,,,45111
3,4,ABERDEEN SOUTH,Scotland,0.40719734011343633,0.392098572266771,0.11541169567768433,0.08529239194210834,,,,,,51130
4,7,ABERTILLERY,Wales,0.161525263489618,0.7597604958156798,,0.07871424069470219,,,,,,28559
5,8,ABINGDON,South East,0.5374693515572018,0.24675256925243882,0.21080911888987428,,,,,,0.004968960300485158,76676
6,9,ACCRINGTON,North West,0.40692792162351293,0.48925322403279015,0.09112266320103969,,,,,,0.012696191142657203,40012
7,10,ACTON,London,0.5185312877090157,0.3757480237397493,0.08739872435786933,,,,,,0.018321964193365677,40607
8,11,ALDERSHOT,South East,0.5746636432350718,0.2070748299319728,0.2182615268329554,,,,,,,66150
9,12,ALDRIDGE BROWNHILL,West Midlands,0.5025808671713696,0.3942226810430527,0.10319645178557774,,,,,,,52308
10,13,ALTRINCHAM AND SALE,North West,0.5158076491409824,0.2528360528360528,0.21761201761201762,,,,,,0.013744280410947078,57915
11,14,ANGLESEY,Wales,0.38971764827337013,0.31701336912197386,0.09033190522892685,0.2029370773757291,,,,,,38746
12,17,ANTRIM NORTH,Northern Ireland,,,,,0.5166686963404981,0.23439688242099493,0.07408816903123668,0.11869025147658771,0.05615600073068258,65692
13,18,ANTRIM SOUTH,Northern Ireland,,,,,,0.6896167739482333,0.10092615225834488,0.1617914663624759,0.04766560743094598,73638
14,19,ARGYLL,Scotland,0.36795243269346856,0.15945309670409272,0.15432210551732464,0.3182723650851141,,,,,,33132
15,20,ARMAGH,Northern Ireland,,,,,0.08636997746470236,0.4854746976130981,0.36094801551409605,0.03179469883950882,0.03541261056859469,65231
16,21,ARUNDEL,South East,0.6495973997192879,0.15526335229371352,0.1951392479869986,,,,,,,67685
17,22,ASHFIELD,East Midlands,0.4035157619609218,0.5277786631817167,0.062378478309374305,,,,,,0.006327096547987123,62746
18,23,ASHFORD,South East,0.5565483138436724,0.2671109318958382,0.1619516543220357,,,,,,0.014389099938453703,47119
19,24,ASHTON UNDER LYNE,North West,0.36001426152063465,0.54672876370443,0.0824271325430074,,,,,,0.01082984223192798,44876
20,25,AYLESBURY,South East,0.5824641460234681,0.24173128388115006,0.17580457009538186,,,,,,,58292
21,26,AYR,Scotland,0.43265446224256293,0.3693135011441648,0.10654462242562929,0.09148741418764302,,,,,,43700
22,27,AYRSHIRE CENTRAL,Scotland,0.29319469290399525,0.5112924865831843,0.09123434704830054,0.10427847346451997,,,,,,53664
23,30,BANBURY,South East,0.5470117002213556,0.2920312005902814,0.15210287762200905,,,,,,0.008854221566353957,56922
24,31,BANFF,Scotland,0.4456237890657906,0.14240586302754613,,0.4119703479066633,,,,,,23742
25,32,BARKING,London,0.32357055429270853,0.5278020632977793,0.1072157137028618,,,,,,0.04141166870665035,34314
26,33,BARKSTON ASH,Yorkshire and the Humber,0.5624956469654125,0.3018568304336319,0.11017008176740169,,,,,,0.025477440833553886,71789
27,34,BARNSLEY,Yorkshire and the Humber,0.2409515238145658,0.6401609402297633,0.10148763830800996,,,,,,0.017399897647660895,56667
28,35,BARROW IN FURNESS,North West,0.3507133470996809,0.5323587385019711,0.11692791439834804,,,,,,,42616
29,36,BARRY,Wales,0.5090643953203194,0.3633712259304676,0.1011666059059424,0.021227587578298478,,,,,0.005170185264971995,60346
30,37,BASILDON,Eastern,0.4691900319235814,0.4050953995397065,0.1148259051201465,,,,,,0.010888663416565617,80818
31,38,BASINGSTOKE,South East,0.5410225166907826,0.26500901175335717,0.18537557434061888,,,,,,0.008592897215241287,78786
32,39,BASSETLAW,East Midlands,0.379732359266719,0.5022701669340798,0.11799747379920117,,,,,,,58586
33,40,BATH,South West,0.46390506316362096,0.2298269296637318,0.28031753067515564,,,,,,0.02595047649749159,49633
34,41,BATLEY AND MORLEY,Yorkshire and the Humber,0.3762135404442358,0.49040902980775386,0.10546866665244202,,,,,,0.02790876309556831,46867
35,42,"BATTERSEA,NORTH",London,0.3322445501668679,0.5621671518852517,0.07175317759000213,,,,,,0.03383512035787829,28166
36,43,"BATTERSEA,SOUTH",London,0.4404013032678474,0.451111326171812,0.090390012581051,,,,,,0.018097357979289654,30999
37,44,BEACONSFIELD,South East,0.6167780309760148,0.20167239581321694,0.1709667452010351,,,,,,0.010582828009733113,51782
38,45,BEBINGTON AND ELLESMERE PORT,North West,0.43854699585588747,0.4319866092520349,0.1294663948920776,,,,,,,74081
39,46,BECKENHAM,London,0.5685404681037869,0.25082599755088836,0.14902613155888264,,,,,,0.031607402786442085,43281
40,47,BEDFORD,Eastern,0.5120952490585275,0.30796428160305217,0.16657073788419477,,,,,,0.013369731454225526,60809
41,50,BEDWELLTY,Wales,0.2071067499256616,0.7134998513232234,,0.0656160174447418,,,,,0.013777381306373277,40356
42,51,BEESTON,East Midlands,0.5257643991467172,0.3646519712412104,0.10958362961207237,,,,,,,63285
43,52,BELFAST EAST,Northern Ireland,,,,,0.3136754986369609,0.31242032595265645,,0.29547549471454626,0.07842868069583636,50989
44,53,BELFAST NORTH,Northern Ireland,,,,,0.27607217079161156,0.252574154543737,0.1847487247307765,0.09729831853391271,0.1893066313999622,42344
45,54,BELFAST SOUTH,Northern Ireland,,,,,,0.6171190425304552,0.07894849326779227,0.2510151741825176,0.052917290019234876,46790
46,55,BELFAST WEST,Northern Ireland,,,,,0.11163517289031755,0.2476942950701475,0.4950881725598582,0.06080451828040977,0.08477784119926698,33287
47,56,BELPER,East Midlands,0.44364140631372867,0.42925197813851046,0.11960192511624113,,,,,,0.0075046904315197,61295
48,57,BERMONDSEY,London,0.24935867920805105,0.63599289613892,0.06814444517529435,,,,,,0.04650397947773466,30406
49,58,BERWICK AND EAST LOTHIAN,Scotland,0.4018286528528172,0.43493835223337096,0.09792396445605493,0.06530903045775693,,,,,,50529
50,59,BERWICK UPON TWEED,North East,0.38361972147349505,0.0730570530098832,0.5433232255166217,,,,,,,35616
51,60,BETHNAL GREEN,London,0.19503906386854922,0.4984409487440003,0.23378761868058717,,,,,,0.07273236870686332,28543
52,61,BEXLEY HEATH,London,0.5369838816515787,0.32732268590073843,0.11731802458232134,,,,,,0.018375407865361498,40761
53,62,BIRKENHEAD,North West,0.35707607106039174,0.4987413392150752,0.1368463954352569,,,,,,0.0073361942892762105,41711
54,64,BIRMINGHAM ERDINGTON,West Midlands,0.4444673256452499,0.46002654219293426,0.0797867472084935,,,,,,0.01571938495332235,43704
55,63,"BIRMINGHAM,EDGBASTON",West Midlands,0.5410188128167683,0.33513014345846576,0.09399965638690834,,,,,,0.029851387337857572,46564
56,65,"BIRMINGHAM,HALL GREEN",West Midlands,0.5454215775158658,0.352734965246298,0.0894530069507404,,,,,,0.0123904502870958,49635
57,66,"BIRMINGHAM,HANDSWORTH",West Midlands,0.44788384707831225,0.5521161529216877,,,,,,,,30787
58,67,"BIRMINGHAM,LADYWOOD",West Midlands,0.2688111095366303,0.6353030088328374,0.09588588163053233,,,,,,,21171
59,68,"BIRMINGHAM,NORTHFIED",West Midlands,0.4542908438061041,0.4506283662477558,0.0814721723518851,,,,,,0.013608617594254937,55700
60,69,"BIRMINGHAM,PERRY BARR",West Midlands,0.46326114649681527,0.47577070063694266,0.046140127388535034,,,,,,0.014828025477707006,39250
61,70,"BIRMINGHAM,SELLY OAK",West Midlands,0.48668570708555586,0.38640850098702173,0.11449451887941535,,,,,,0.012411273048007055,47618
62,71,"BIRMINGHAM,SMALL HEATH",West Midlands,0.2138373362445415,0.6050423034934498,0.15249727074235808,,,,,,0.028623089519650657,29312
63,72,"BIRMINGHAM,SPARKBROOK",West Midlands,0.34857525980556486,0.6274555816292323,,,,,,,0.023969158565202816,29830
64,73,"BIRMINGHAM,STECHFORD",West Midlands,0.4463068831465813,0.4840155499656986,0.0537159844500343,,,,,,0.0159615824376858,43730
65,74,"BIRMINGHAM,YARDLEY",West Midlands,0.4755546135368094,0.4481418680231737,0.058664217417926615,,,,,,0.01763930102209034,42462
66,75,BISHOP AUCKLAND,North East,0.3792182655603147,0.4874639330453951,0.13331780139429023,,,,,,,55799
67,76,BLABY,East Midlands,0.5814474490242408,0.22019777719436423,0.16236982585105453,,,,,,0.03598494793034042,57135
68,77,BLACKBURN,North West,0.3656858703493765,0.5071369679480573,0.11261980830670927,,,,,,0.014557353395856952,38812
69,78,"BLACKPOOL,NORTH",North West,0.5365126332092743,0.3000531681268638,0.14163526664971451,,,,,,0.021798932014147347,43259
70,79,"BLACKPOOL,SOUTH",North West,0.5149915990250136,0.3056061717585252,0.16700191684218,,,,,,0.012400312374281184,42257
71,80,BLAYDON,North East,0.3499534923965476,0.5340154448506349,0.1160310627528175,,,,,,,46229
72,81,BLYTH,North East,0.22745336837382218,0.40136850201910135,0.08294340106403436,,,,,,0.2882347285430421,62404
73,82,BODMIN,South West,0.5486951737148247,0.06893570193365824,0.3516153120578525,,,,,,0.030753812293664518,50888
74,83,BOLSOVER,East Midlands,0.24494539819366087,0.665754618755902,0.08929998305043706,,,,,,,41299
75,84,"BOLTON,EAST",North West,0.43580611535788744,0.4760250173731758,0.07824444058373871,,,,,,0.009924426685198055,46048
76,85,"BOLTON,WEST",North West,0.4330054699653736,0.4480604205349526,0.11020223816931801,,,,,,0.008731871330355799,39854
77,86,BOOTLE,North West,0.266338497833632,0.6102125535920877,0.10278338588571558,,,,,,0.020665562688564752,44083
78,87,BOSWORTH,East Midlands,0.48507316050773525,0.3745791797115498,0.13141382517455036,,,,,,0.008933834606164608,76339
79,88,BOTHWELL,Scotland,0.23395028426775116,0.5496949827779392,0.10841598539237249,0.10793874756193717,,,,,,48194
80,89,BOURNEMOUTH EAST,South East,0.6263621580952843,0.1833118947649443,0.16353178166638352,,,,,,0.02679416547338786,41203
81,90,BOURNEMOUTH WEST,South East,0.5984272001850353,0.21387764542615936,0.17756447322770902,,,,,,0.010130681161096333,43235
82,91,"BRADFORD,NORTH",Yorkshire and the Humber,0.35660868151520075,0.5094496829783774,0.11825312957242724,,,,,,0.015688505933994474,49208
83,92,"BRADFORD,SOUTH",Yorkshire and the Humber,0.39381140719795266,0.47108828319344276,0.12754800723016627,,,,,,0.007552302378438356,55877
84,93,"BRADFORD,WEST",Yorkshire and the Humber,0.3665308652909397,0.5382384199805155,0.08121512709237445,,,,,,0.0140155876361704,45164
85,94,BRAINTREE,Eastern,0.5197670401263511,0.31382129871839165,0.16641166115525724,,,,,,,60783
86,95,BRECON AND RADNOR,Wales,0.47229980407686856,0.40920838717745633,0.09700279294676727,0.021489015798907832,,,,,,47978
87,96,BRENT EAST,London,0.3671436808722546,0.5333909943911517,0.07336059128793836,,,,,,0.026104733448655448,38154
88,97,BRENT NORTH,London,0.5382822662234427,0.3398612516259575,0.10608469431998843,,,,,,0.01577178783061136,55352
89,98,BRENT SOUTH,London,0.3087472657114066,0.5942438616757195,0.07026814461621649,,,,,,0.026740727996657408,40687
90,99,BRENTFORD AND ISLEWORTH,London,0.4940502898576736,0.4044187590860958,0.07552452572823375,,,,,,0.02600642532799684,55717
91,100,BRENTWOOD AND ONGAR,Eastern,0.6042925047221703,0.2528592481889698,0.14284824708885982,,,,,,,48177
92,101,BRIDGWATER,South West,0.5411783036997282,0.29100950468309067,0.16781219161718114,,,,,,,57761
93,102,BRIDLINGTON,Yorkshire and the Humber,0.5480213819976112,0.24853635135399738,0.20344226664839146,,,,,,,51071
94,103,BRIGG AND SCUNTHORPE,Yorkshire and the Humber,0.43415198806186633,0.4273740289806563,0.108279988285009,,,,,,0.030193994672468378,71703
95,104,BRIGHOUSE AND SPENBOROUGH,Yorkshire and the Humber,0.4471395881006865,0.4140732265446224,0.13878718535469106,,,,,,,52440
96,105,"BRIGHTON,KEMPTOWN",South East,0.5359776465892141,0.36773881804239583,0.08779596210004412,,,,,,0.008487573268345974,47599
97,106,"BRIGHTON,PAVILION",South East,0.537237643872715,0.2925573072831028,0.1442354192861979,,,,,,0.02596962955798433,41356
98,107,"BRISTOL,NORTH EAST",South West,0.36489441126279865,0.5155983361774744,0.09846949658703072,,,,,,0.021037755972696245,37504
99,108,"BRISTOL,NORTH WEST",South West,0.48587284624182087,0.3981851247726719,0.10981120047996701,,,,,,0.006130828505540244,53337
100,109,"BRISTOL,SOUTH",South West,0.32045796229906326,0.5791141436336301,0.08823869550132994,,,,,,0.012189198565976639,43235
101,110,"BRISTOL,SOUTH EAST",South West,0.4192901178273082,0.45376281326378,0.11620399080728122,,,,,,0.010743078101630613,54826
102,111,"BRISTOL,WEST",South West,0.5259215500945179,0.22896975425330812,0.20982986767485823,,,,,,0.03527882797731569,42320
103,112,BROMSGROVE AND REDDITCH,West Midlands,0.54299969577122,0.34969272893215697,0.0981563735929419,,,,,,0.009151201703681168,82175
104,113,BUCKINGHAM,South East,0.5130289354271449,0.34127325717237056,0.1358231163688683,,,,,,0.009874691031616227,81319
105,114,BURNLEY,North West,0.3544118758978753,0.5084053733901253,0.12831111223126748,,,,,,0.00887163848073191,39677
106,115,BURTON,West Midlands,0.5400007243227583,0.3625235404896422,0.0974757351875996,,,,,,,55224
107,116,BURY AND RADCLIFFE,North West,0.4522062815044591,0.45279565723148507,0.08857696781698332,,,,,,0.0064210934470725085,64475
108,117,BURY ST. EDMUNDS,Eastern,0.5676427465435262,0.29004234094739584,0.14231491250907796,,,,,,,72979
109,28,BUTE AND NORTH AYRSHIRE,Scotland,0.4572386660681752,0.3433580651123492,0.060201198743167955,0.13920207007630767,,,,,,37873
110,118,CAERNARVON,Wales,0.19861471367898983,0.2478693384260183,0.056979163697517314,0.49653678419747455,,,,,,35083
111,119,CAERPHILLY,Wales,0.18919093572290194,0.5876270894364983,0.0738841978287093,0.1492977770118904,,,,,,46424
112,120,CAITHNESS AND SUTHERLAND,Scotland,0.3052558902218003,0.4148183308880642,,0.2799257788901355,,,,,,23174
113,198,"CAMBERWELL,DULWICH",London,0.4273395303553629,0.4301675977653631,0.11031780987041888,,,,,,0.032175062008855095,43139
114,459,"CAMBERWELL,PECKHAM",London,0.28074764157874627,0.598465924119082,0.07661562876539219,,,,,,0.044170805536779614,34027
115,121,CAMBRIDGE,Eastern,0.4570938215102975,0.37135297482837526,0.16599327803203662,,,,,,0.005559925629290618,55936
116,122,CAMBRIDGESHIRE,Eastern,0.56519533231862,0.24584858831434173,0.18895607936703826,,,,,,,72927
117,123,CANNOCK,West Midlands,0.3728492302508266,0.5275572310089927,0.09959353874018069,,,,,,,47483
118,124,CANTERBURY,South East,0.582841436488983,0.24283933372384686,0.16018564412202047,,,,,,0.014133585665149672,66579
119,126,CARDIFF NORTH WEST,Wales,0.5097687910587834,0.3316838722520832,0.1374171714586355,0.021130165230497967,,,,,,35163
120,125,"CARDIFF,NORTH",Wales,0.47309725740720343,0.3616312369203657,0.13550501156515035,0.029766494107280536,,,,,,36316
121,127,"CARDIFF,SOUTH EAST",Wales,0.3765389197776013,0.5925089356632248,,0.015587768069896743,,,,,0.015364376489277205,40288
122,128,"CARDIFF,WEST",Wales,,0.8557004494524276,,0.10356396784199531,,,,,0.040735582705577006,31594
123,129,CARDIGAN,Wales,0.297145165634258,0.2016698087799623,0.3562348505251818,0.1449501750605979,,,,,0.0,37130
124,130,CARLISLE,North West,0.39062609141074295,0.4969382290623763,0.11243567952688072,,,,,,,42949
125,131,CARLTON,East Midlands,0.5255650792600192,0.31421054373365986,0.1501969090247212,,,,,,0.010027467981599762,60434
126,132,CARMARTHEN,Wales,0.2355967670717426,0.3583674096258327,0.08036245656472575,0.32039394113920405,,,,,0.005279425598494884,52089
127,133,CARSHALTON,London,0.5129734335063124,0.3121563008287507,0.15707536209433817,,,,,,0.017794903570598715,51644
128,134,CHEADLE,North West,0.5882555817752768,0.13459793065892176,0.2771464875658014,,,,,,,55090
129,135,CHELMSFORD,Eastern,0.49582025635761007,0.0885958994515003,0.4155838441908896,,,,,,,68186
130,136,CHELSEA,London,0.6609619177666515,0.18485813988772568,0.13788499468972842,,,,,,0.016294947655894402,32955
131,137,CHELTENHAM,South West,0.5100647088103534,0.18287705326032852,0.3002488800398208,,,,,,0.0068093578894972626,50225
132,138,CHERTSEY & WALTON,South East,0.49044198685060614,0.23203359556112949,0.26196176794740245,,,,,,0.01556264964086193,52626
133,139,CHESHAM & AMERSHAM,South East,0.6143224987871777,0.14264656491398292,0.23002574915102436,,,,,,0.013005187147815053,53594
134,141,CHESTERFIELD,East Midlands,0.322392859122914,0.5738019995934284,0.10380514128365767,,,,,,,54111
135,142,CHESTER-LE-STREET,North East,0.25162811763052273,0.6039574581062298,0.1444144242632475,,,,,,,64031
136,143,CHICHESTER,South East,0.6228637081717651,0.1538309636650869,0.19603619129685482,,,,,,0.027269136866293266,55704
137,144,CHINGFORD,London,0.5609178655982516,0.2790247678018576,0.1189446366782007,,,,,,0.04111272992169004,43928
138,145,CHIPPENHAM,South West,0.491860504145269,0.08636256838854764,0.4130332628469775,,,,,,0.008743664619205853,59586
139,146,CHIPPING BARNET,London,0.571253378148207,0.2531510458065542,0.15595121840437853,,,,,,0.019644357640860265,44033
140,147,CHISLEHURST,London,0.545320266341555,0.3163743786926756,0.12508205945793865,,,,,,0.013223295507830817,42652
141,148,CHORLEY,North West,0.4684818928926217,0.429663746651013,0.09614979379270899,,,,,,0.005704566663656341,66438
142,149,CHRISTCHURCH,South West,0.660135494155154,0.14882217499114417,0.16945625221395677,,,,,,0.021586078639744953,45168
143,150,CIRENCESTER AND TEWKESBURY,South West,0.5595915758809803,0.17203454067149204,0.2683738834475276,,,,,,,67283
144,151,CITIES OF LONDON AND WESTMINSTER,London,0.6067840553094955,0.25447409167836954,0.12152965323538943,,,,,,0.017212199776745526,27771
145,140,CITY OF CHESTER,North West,0.5143316942333482,0.3477872150201162,0.13788109074653554,,,,,,,55925
146,544,CLACKMANNAN AND EAST STIRLINGSHIRE,Scotland,0.17989476395481474,0.4191043897413254,,0.4010008463038599,,,,,,54354
147,152,CLEVELAND,North East,0.5099860748144899,0.37804017320641703,0.11197375197909315,,,,,,,52423
148,153,CLITHEROE,North West,0.5707361474570486,0.3072476959836159,0.12201615655933554,,,,,,,43945
149,154,COATBRIDGE AND AIRDRIE,Scotland,0.2746578366445916,0.6092273730684327,,0.11611479028697572,,,,,,45300
150,155,COLCHESTER,Eastern,0.5293109161372117,0.32958752935413693,0.14110155450865136,,,,,,,69411
151,156,COLNE VALLEY,Yorkshire and the Humber,0.2752328527075675,0.3390221138644978,0.38382126054741816,,,,,,0.0019237728805165616,52501
152,157,CONSETT,North East,0.24866389889212562,0.6126109594696882,0.1387251416381861,,,,,,,43597
153,158,CONWAY,Wales,0.4471226124460875,0.29744916820702405,0.16924214417744918,0.08618607516943931,,,,,0.0,40575
154,160,COVENTRY NORTH EAST,West Midlands,0.3500275996772961,0.573436372128572,0.04863912360409325,,,,,,0.02789690459003864,47102
155,161,COVENTRY NORTH WEST,West Midlands,0.39900564156727375,0.5013009093485149,0.08792086349468044,,,,,,0.0117725855895309,38819
156,162,COVENTRY SOUTH EAST,West Midlands,0.3397747380838693,0.5500379181529647,0.08381316181220684,,,,,,0.02637418195095919,35603
157,163,COVENTRY SOUTH WEST,West Midlands,0.4926963517041846,0.39295039164490864,0.10445628396020042,,,,,,0.009896972690706373,56684
158,164,CREWE,North West,0.391383534615468,0.4832505799960972,0.11773378721189913,,,,,,0.0076320981765356346,46121
159,165,CROSBY,North West,0.5694537711899107,0.25380394726066663,0.15235443452624683,,,,,,0.024387847023175827,61055
160,166,CROYDON CENTRAL,London,0.5247114354845107,0.3668835032327159,0.10138431636983856,,,,,,0.00702074491293483,50422
161,167,"CROYDON,NORTH EAST",London,0.5100906144273311,0.3497764213215984,0.12915513284595548,,,,,,0.010977831405115102,42267
162,168,"CROYDON,NORTH WEST",London,0.49417249417249415,0.40070921985815605,0.1051182859693498,,,,,,,40326
163,169,"CROYDON,SOUTH",London,0.6486406991890415,0.1312870288667591,0.21021891676120846,,,,,,0.009853355182990882,47598
164,170,DAGENHAM,London,0.31066473742446166,0.5257255936675461,0.11879734445484721,,,,,,0.044812324453144946,46996
165,171,DARLINGTON,North East,0.4339398095852832,0.45515975472002584,0.10194448926900113,,,,,,0.00895594642568985,49576
166,172,DARTFORD,South East,0.4586768811270532,0.4285528793092255,0.09537103161721742,,,,,,0.017399207946503927,46209
167,173,DARWEN,North West,0.5264876880984952,0.30374487004103967,0.1697674418604651,,,,,,,58480
168,174,DAVENTRY,East Midlands,0.5661140646995312,0.27250611597807817,0.1542456504803947,,,,,,0.007134168841995928,73169
169,175,DEARNE VALLEY,Yorkshire and the Humber,0.19591624623779313,0.6881969555897192,0.11588679817248772,,,,,,,46183
170,176,DENBIGH,Wales,0.4493331056595898,0.17599180374523307,0.281423719809513,0.09325137078566414,,,,,0.0,52707
171,177,DEPTFORD,London,0.32540192926045014,0.5421781070879351,0.07756186215573885,,,,,,0.054858101495875854,35765
172,178,DERBY NORTH,East Midlands,0.44534986989919134,0.4486841900250853,0.09493463797697138,,,,,,0.011031302098751966,64181
173,179,DERBY SOUTH,East Midlands,0.38724953109621346,0.5003806941633085,0.0964920425634645,,,,,,0.0158777321770135,53849
174,183,DEVIZES,South West,0.5092144920256185,0.2566714805977647,0.220692578174055,,,,,,0.013421449202561848,63704
175,185,DEVON WEST,South West,0.6098940954591615,0.12795589728710285,0.2540050983399308,,,,,,0.008144908913804896,48251
176,186,DEWSBURY,Yorkshire and the Humber,0.37759174734429046,0.4672616001801175,0.15514665247559203,,,,,,,48857
177,188,DON VALLEY,Yorkshire and the Humber,0.3123929103115081,0.5562062863402714,0.11569899721917924,,,,,,0.015701806129041318,71202
178,187,DONCASTER,Yorkshire and the Humber,0.42366227006043494,0.48930257179408004,0.08041819224491596,,,,,,0.006616965900569059,45338
179,189,DORKING,South East,0.6143011458708406,0.18999004511469297,0.19570880901446636,,,,,,,47213
180,193,DOVER,South East,0.5001307274985293,0.3703510033335512,0.11285051310543173,,,,,,0.016667756062487743,61196
181,194,DOWN NORTH,Northern Ireland,,,,,,0.18891448269196695,,0.21526715098017107,0.595818366327862,62081
182,195,DOWN SOUTH,Northern Ireland,,,,,,0.5314199097110093,0.39596994760602366,0.07261014268296702,,60694
183,196,DUDLEY EAST,West Midlands,0.35455805726851186,0.5382905492614369,0.08697834504517424,,,,,,0.020173048424876907,41838
184,197,DUDLEY WEST,West Midlands,0.5096236713588049,0.49037632864119507,,,,,,,,59177
185,199,DUMFRIES,Scotland,0.45209080047789724,0.2727996814018319,0.14275189167662286,0.13235762644364796,,,,,,50220
186,200,DUNBARTONSHIRE CENTRAL,Scotland,0.21543912933434572,0.5192356365477094,0.07843583902809416,0.15325234117944825,,,,,0.03363705391040243,39510
187,203,DUNDEE EAST,Scotland,0.18158890290037832,0.35985508116655657,0.046378029984587364,0.4102764266698693,,,,,0.001901559278608459,49959
188,204,DUNDEE WEST,Scotland,0.2575361073932759,0.47252242354022256,,0.26362891787690523,,,,,0.006312551189596277,50059
189,205,DUNFERMLINE,Scotland,0.3010865550955352,0.44323284156510584,0.11279569265457655,0.1428849106847824,,,,,,51447
190,206,DURHAM,North East,0.3325835855980788,0.5226192690805161,0.14479714532140503,,,,,,,59131
191,208,"EALING,NORTH",London,0.4604446526255918,0.43568596617428107,0.0863542834200445,,,,,,0.01751509778008264,59777
192,209,EASINGTON,North East,0.24704620904385838,0.6090479823494237,0.14390580860671795,,,,,,,48497
193,5,EAST ABERDEENSHIRE,Scotland,0.4282006260019849,0.15779830521413848,,0.41400106878387666,,,,,,39297
194,201,DUNBARTONSHIRE EAST,Scotland,0.34074122278983504,0.3785507435004718,0.07483812188852373,0.20586991182116943,,,,,,61466
195,241,FIFE EAST,Scotland,0.4295750587230408,0.1994234465086483,0.22980995088618408,0.14119154388212685,,,,,,46830
196,243,EAST FLINTSHIRE,Wales,0.3808488203505997,0.4833761697640701,0.11097930670884408,0.019737709239488598,,,,,0.005057993936997495,60696
197,211,EAST GRINSTEAD,South East,0.6204664633477411,0.1359457621168572,0.24358777453540162,,,,,,,45577
198,307,EAST HERTFORDSHIRE,Eastern,0.5547857428914698,0.26884261113336005,0.15208917367507677,,,,,,0.024282472300093446,74910
199,212,EAST KILBRIDE,Scotland,0.2939066870291882,0.5388232064107624,,0.1559792027729636,,,,,0.011290903787085815,58277
200,484,EAST RENFREWSHIRE,Scotland,0.4988736353659241,0.24398790842751794,0.18033386602999787,0.07680459017656006,,,,,,51937
201,210,EASTBOURNE,South East,0.6304897287577819,0.1724483045240963,0.18802055944767687,,,,,,0.009041407270444946,58951
202,213,EASTLEIGH,South East,0.5591672594764885,0.2645431976887676,0.176289542834744,,,,,,,68881
203,214,EBBW VALE,Wales,0.13608240295876395,0.6922678096159829,0.10652932840206007,0.06512045902319312,,,,,,28931
204,215,ECCLES,North West,0.3579451419996911,0.5357812741355341,0.09815301101132025,,,,,,0.008120572853454553,45317
205,216,EDINBURGH CENTRAL,Scotland,0.2955375014718003,0.47847246752227324,0.12151183327446131,0.09757054829467404,,,,,0.0069076494367910826,25479
206,217,EDINBURGH EAST,Scotland,0.33523896638463296,0.5368625657443402,,0.12110679167619483,,,,,0.006791676194831923,43730
207,218,EDINBURGH LEITH,Scotland,0.3195084485407066,0.46300860929518095,0.12081591826528061,0.09666702389883185,,,,,,27993
208,219,EDINBURGH NORTH,Scotland,0.43587929496447136,0.3006244424620874,0.1551877941493125,0.10830846842412871,,,,,,32509
209,220,EDINBURGH PENTLANDS,Scotland,0.3927770250760722,0.36616840281633833,0.13146613952868533,0.10958843257890412,,,,,,45023
210,221,EDINBURGH SOUTH,Scotland,0.39735772357723576,0.34300989749027927,0.16348533050547898,0.0839519264757865,,,,,0.012195121951219513,45264
211,222,EDINBURGH WEST,Scotland,0.4544280919184095,0.28188155763678613,0.17205361124803417,0.09163673919677018,,,,,,42603
212,223,EDMONTON,London,0.4263798793672471,0.4714464549903266,0.07456469784909525,,,,,,0.02760896779333106,43935
213,224,ENFIELD NORTH,London,0.48058533199660675,0.41343410195110664,0.09024832266522712,,,,,,0.015732243387059457,51868
214,225,EPPING,Eastern,0.5764991483780028,0.2739677754067229,0.12780203214628322,,,,,,0.021731044068991172,51079
215,226,EPSOM,South East,0.6190770205018602,0.17913401409008153,0.20178896540805827,,,,,,,63165
216,227,ERITH AND CRAYFORD,London,0.41494622977039797,0.4724624871098765,0.09495548961424333,,,,,,0.01763579350548225,47517
217,228,ESHER,South East,0.6510499501307383,0.15187211903927542,0.19707793082998626,,,,,,,37097
218,230,ETON AND SLOUGH,South East,0.398264659922691,0.4258162677851797,0.10802697590262357,,,,,,0.06789209638950572,48636
219,231,EXETER,South West,0.4841255701254276,0.34111316989737744,0.1560005701254276,,,,,,0.01876068985176739,56128
220,232,EYE,Eastern,0.5196401419158642,0.24773731083918615,0.22190645137933532,,,,,,0.010716095865614365,55244
221,233,FALMOUTH AND CAMBORNE,South West,0.5667941766322514,0.2585419297333432,0.13906632994132065,,,,,,0.03559756369308475,53852
222,234,FAREHAM,South East,0.5898415044756509,0.16508581752484192,0.2398989898989899,,,,,,0.005173688100517369,48708
223,235,FARNHAM,South East,0.5832236332662227,0.14513318878736256,0.2644029735171132,,,,,,0.007240204429301534,51656
224,236,FARNWORTH,North West,0.3554577023592167,0.5005727991980812,0.14396949844270218,,,,,,,55866
225,237,FAVERSHAM,South East,0.5435833387400246,0.34631479919548436,0.10298124959449816,,,,,,0.007120612469992863,61652
226,238,FELTHAM AND HESTON,London,0.4139011488831239,0.4830531316330312,0.08508810350055591,,,,,,0.017957615983288974,59362
227,239,FERMANAGH AND SOUTH TYRONE,Northern Ireland,,,,,,0.33700449055435117,,0.020710746361102508,0.6422847630845463,51664
228,240,FIFE CENTRAL,Scotland,0.2016345911421128,0.5802798554500378,,0.19346163543154887,,,,,0.02462391797630053,47596
229,242,FINCHLEY,London,0.525155653745732,0.32737497489455714,0.1319039967865033,,,,,,0.015565374573207471,39832
230,245,FOLKESTONE AND HYTH,South East,0.5573971379317507,0.20800880636384406,0.22466612665378943,,,,,,0.009927929050615823,48147
231,246,FULHAM,London,0.46678192715537115,0.4322268326417704,0.08948824343015215,,,,,,0.011502996772706317,43380
232,249,GAINSBOROUGH,East Midlands,0.46382404013119816,0.19940189079683582,0.3257765772718503,,,,,,0.010997491800115763,51830
233,250,GALLOWAY,Scotland,0.4584968397088338,0.08510319623760597,0.08543270526914896,0.3709672587844112,,,,,,33383
234,251,GATESHEAD EAST,North East,0.2991818085219424,0.6115396875996175,0.08927850387844012,,,,,,,47055
235,252,GATESHEAD WEST,North East,0.25942857142857145,0.6724472049689441,0.05888198757763975,,,,,,0.009242236024844721,20125
236,253,GILLINGHAM,South East,0.5313249905796957,0.32310651885052455,0.1233365725958392,,,,,,0.022231917973940463,50423
237,254,GLASGOW CATHCART,Scotland,0.41759392590653227,0.45948422568399006,0.05346249509098049,0.06945935331849719,,,,,,38195
238,255,GLASGOW CENTRAL,Scotland,0.1643335878510223,0.7246966997539662,,0.11096971239501145,,,,,,11787
239,256,GLASGOW CRAIGTON,Scotland,0.2845735898898328,0.5989253444601207,,0.11650106565004653,,,,,,33313
240,257,GLASGOW GARSCADDEN,Scotland,0.21873859786291375,0.6148292937190514,,0.1566849100860047,,,,,0.009747198332030232,38370
241,258,GLASGOW GOVAN,Scotland,0.1853057428504999,0.6786793768890955,,0.13601488026040456,,,,,,17204
242,259,GLASGOW HILLHEAD,Scotland,0.4104470182192281,0.3440082301795374,0.1443268177745329,0.10121793382670162,,,,,,30133
243,260,GLASGOW KELVINGROVE,Scotland,0.28818157157066643,0.5033456912921602,0.10905145130662809,0.09942128583054526,,,,,,22118
244,261,GLASGOW MARYHILL,Scotland,0.14956501362078561,0.6620580567679194,0.06830897214329652,0.1116611500043938,,,,,0.008406807463604674,34139
245,262,GLASGOW POLLOK,Scotland,0.2972295666168525,0.49247039889642485,0.09072307161742729,0.09626393838372227,,,,,0.023313024485573056,43495
246,263,GLASGOW PROVAN,Scotland,0.1511584292680112,0.6948555930638507,,0.13754003289188954,,,,,0.016445944776248594,34659
247,264,GLASGOW QUEEN'S PARK,Scotland,0.24069965870307167,0.6450511945392492,,0.09709897610921502,,,,,0.017150170648464164,23440
248,265,GLASGOW SHETTLESTON,Scotland,0.2202011850626981,0.6409903082081668,,0.13880850672913508,,,,,,21771
249,266,GLASGOW SPRINGBURN,Scotland,0.21360039218432664,0.6607955739197423,,0.12560403389593108,,,,,,28558
250,267,GLOUCESTER,South West,0.48718296224588575,0.3629622458857696,0.1396515004840271,,,,,,0.010203291384317522,51650
251,270,GOOLE,Yorkshire and the Humber,0.34173162872882235,0.5756158403492361,0.08265253092194158,,,,,,,48105
252,271,GOSPORT,South East,0.6176233838104341,0.26311817678724153,0.11925843940232429,,,,,,,39754
253,272,GOWER,Wales,0.3054578028024826,0.5324077036278713,0.0905368225734212,0.07159767099622497,,,,,,46887
254,273,GRANTHAM,East Midlands,0.5552075768579037,0.28060699588477367,0.16418542725732269,,,,,,,66096
255,274,GRAVESEND,South East,0.5195279029271124,0.3903645761353271,0.08177395726802841,,,,,,0.008333563669532048,72358
256,275,GREENOCK AND PORT GLASGOW,Scotland,0.10850937286604842,0.5302332753265634,0.2817146507478468,0.07566579289380355,,,,,0.003876908165737824,45397
257,276,GREENWICH,London,0.3334249361070653,0.5214487894693451,0.10635082030283877,,,,,,0.03877545412075078,36389
258,277,GRIMSBY,Yorkshire and the Humber,0.3967650610758053,0.5203223060323494,0.07596365148185544,,,,,,0.006948981409989903,50511
259,278,GUILDFORD,South East,0.5724872710141514,0.21179945278950515,0.21150953994455418,,,,,,0.004203736251789306,55189
260,279,HACKNEY CENTRAL,London,0.2761063213250814,0.5904911816263013,0.06564590562730298,,,,,,0.06775659142131435,27953
261,281,HACKNEY SOUTH AND SHOREDITCH,London,0.28244746600741655,0.5414091470951793,0.0922048825710754,,,,,,0.0839385043263288,25888
262,282,HALESOWEN AND STOURBRIDGE,West Midlands,0.4958760272644563,0.3621638552060495,0.12822348501797246,,,,,,0.013736632511521768,67047
263,283,HALIFAX,Yorkshire and the Humber,0.4126692021428863,0.43790128000654316,0.1401259559154296,,,,,,0.009303561935140883,48906
264,284,HALTEMPRICE,Yorkshire and the Humber,0.5577093934254099,0.20584766981665456,0.23644293675793554,,,,,,,61905
265,285,HAMILTON,Scotland,0.23755123820611707,0.5964976109049456,,0.1659511508889374,,,,,,41229
266,286,HAMMERSMITH NORTH,London,0.3838951310861423,0.48188831125272513,0.11590921795516798,,,,,,0.01830733970596456,35778
267,287,HAMPSTEAD,London,0.4730340463995179,0.38772104665446033,0.1333348784388254,,,,,,0.005910028507196329,43147
268,288,HARBOROUGH,East Midlands,0.6036696915358003,0.2055824231556449,0.1725986705066203,,,,,,0.018149214801934467,55209
269,289,HARLOW,Eastern,0.40099373270848626,0.42719214047766924,0.1560047428151996,,,,,,0.01580938399864491,53133
270,290,HARROGATE,Yorkshire and the Humber,0.5946319436334618,0.16001012106349022,0.23397173887656195,,,,,,0.011386196426486044,51378
271,291,"HARROW,CENTRAL",London,0.48956217059741486,0.3569767099490622,0.14088861408002826,,,,,,0.012572505373494686,33963
272,292,"HARROW,EAST",London,0.5432326913066111,0.33818323789692867,0.10369599167100468,,,,,,0.014888079125455492,38420
273,293,"HARROW,WEST",London,0.5805522691251647,0.24095363528807734,0.16407348706386587,,,,,,0.014420608522892158,44797
274,295,HARWICH,Eastern,0.5432150373338714,0.24501974803240406,0.2031596851846513,,,,,,0.00860552944907314,69374
275,296,HASTINGS,South East,0.5152562862669245,0.2996131528046422,0.15652804642166343,,,,,,0.028602514506769827,41360
276,297,HAVANT AND WATERLOO,South East,0.5730022224369504,0.2454343414822688,0.18156343608078074,,,,,,,62094
277,298,HAYES AND HARLINGTON,London,0.40466187186973346,0.4830401860950889,0.09257281207719148,,,,,,0.019725129957986184,42129
278,299,HAZEL GROVE,North West,0.5550039374122642,0.15143629951723903,0.2935597630704968,,,,,,,58414
279,300,HEMEL HEMPSTEAD,Eastern,0.487326656394453,0.42326656394453005,0.08107344632768361,,,,,,0.008333333333333333,77880
280,301,HEMSWORTH,Yorkshire and the Humber,0.19954622585749968,0.6960857213674236,0.10436805277507674,,,,,,,52449
281,302,"HENDON,NORTH",London,0.5205685492968338,0.3603319044395979,0.10310596375122208,,,,,,0.015993582512346144,39891
282,303,"HENDON,SOUTH",London,0.5277044158039299,0.29661419818297063,0.15315339108387915,,,,,,0.022527994929220366,37864
283,304,HENLEY,South East,0.5866171003717472,0.18460183917041675,0.22878106045783603,,,,,,,51110
284,305,HEREFORD,West Midlands,0.47738776864990456,0.1483279395900755,0.3742842917600199,,,,,,,48204
285,306,HERTFORD STEVENAGE,Eastern,0.4506908254405521,0.43228774690087046,0.10877128210953808,,,,,,0.008250145549039377,70423
286,308,HERTFORDSHIRE SOUTH,Eastern,0.5406905653785687,0.31168604312637077,0.13588106282631057,,,,,,0.011742328668749878,51523
287,310,HEXHAM,North East,0.4797703097053563,0.31883648686811633,0.20139320342652733,,,,,,,53115
288,311,HEYWOOD AND ROYTON,North West,0.41606326219512196,0.45237868394308944,0.12137957317073171,,,,,,0.01017848069105691,62976
289,312,HIGH PEAK,East Midlands,0.46449112535818093,0.3664680780886021,0.16904079655321694,,,,,,,48509
290,313,HITCHIN,Eastern,0.525449504950495,0.3158811881188119,0.13028118811881187,,,,,,0.028388118811881188,63125
291,314,HOLBORN AND ST.PANCRAS,London,0.3978759174970271,0.49313158650100464,0.08980194365850658,,,,,,0.01919055234346168,24387
292,315,HOLLAND WITH BOSTON,East Midlands,0.5552422134486432,0.2805665225292975,0.16419126402205927,,,,,,,63828
293,316,HONITON,South West,0.6241668316504982,0.14445984293539232,0.2078961261796344,,,,,,0.02347719923447502,60612
294,317,HORNCASTLE,East Midlands,0.5512205191722145,0.16101563709552563,0.27953243536151107,,,,,,0.008231408370748827,38754
295,318,HORNCHURCH,London,0.4486775156637652,0.4325091459568563,0.09791430133299693,,,,,,0.020899037046381564,47562
296,319,HORNSEY,London,0.49372619861341666,0.39517625231910947,0.09906259154379456,,,,,,0.012034957523679328,40964
297,320,HORSHAM,South East,0.5221485573971761,0.33772866789441375,0.13406998158379374,,,,,,0.006052793124616329,81450
298,321,HOUGHTON-LE-SPRING,North East,0.20650472885622917,0.6845161143997641,0.1015853575559638,,,,,,0.0073937991880429115,44091
299,322,HOVE,South East,0.6010090977712447,0.21467164594175836,0.1742282785745501,,,,,,0.010090977712446863,50342
300,323,HOWDEN,Yorkshire and the Humber,0.5603275436337927,0.18629044171960407,0.2533820146466032,,,,,,,47383
301,324,"HUDDERSFIELD,EAST",Yorkshire and the Humber,0.3974525150805125,0.47459993020589264,0.12189042325140835,,,,,,0.00605713146218655,40118
302,325,"HUDDERSFIELD,WEST",Yorkshire and the Humber,0.44240424616267393,0.4063501171520107,0.14883087075025103,,,,,,0.002414765935064314,41826
303,329,HUNTINGDONSHIRE,Eastern,0.5534853617560385,0.2565479633148806,0.1764300862045223,,,,,,0.01353658872455865,72618
304,330,HUYTON,North West,0.37717539346246975,0.5192380447941889,0.10358656174334141,,,,,,,52864
305,331,"ILFORD,NORTH",London,0.5133389114825553,0.3733338522309354,0.08888715923021541,,,,,,0.024440077056293905,51391
306,332,"ILFORD,SOUTH",London,0.46829481452709265,0.42731598368615265,0.08894931054573704,,,,,,0.015439891241017674,41192
307,333,ILKESTON,East Midlands,0.35987006581744585,0.5061310566506233,0.13399887753193082,,,,,,,58799
308,334,INCE,North West,0.32895548556771326,0.5616903146206046,0.10217864216370662,,,,,,0.007175557647975584,61598
309,335,INVERNESS,Scotland,0.24817502576434214,0.20581415321195465,0.33742700103057366,0.20617914805908621,,,,,0.0024046719340432843,46576
310,336,IPSWICH,Eastern,0.42951470979113915,0.48184883119063276,0.08074647118895402,,,,,,0.007889987829274093,71483
311,338,ISLE OF WIGHT,South East,0.4773911875335841,0.040488984416980116,0.48211982804943576,,,,,,,74440
312,339,ISLINGTON CENTRAL,London,0.356221198156682,0.5151689708141322,0.08609831029185867,,,,,,0.04251152073732719,26040
313,341,ISLINGTON SOUTH AND FINSBURY,London,0.3406957025271953,0.5203706001571742,0.08235099474707366,,,,,,0.056582702568556895,24177
314,340,"ISLINGTON,NORTH",London,0.3357536411395379,0.5260752573356682,0.0887968222782215,,,,,,0.049374279246572415,23413
315,342,JARROW,North East,0.29060166071345733,0.5579858050749177,0.09062021617108132,,,,,,0.06079231804054368,43114
316,343,KEIGHLEY,Yorkshire and the Humber,0.4477203231253708,0.4495002510154717,0.09269316781525261,,,,,,0.010086258043904887,43822
317,344,KENSINGTON,London,0.5128803545051699,0.35149187592319053,0.1044903988183161,,,,,,0.031137370753323484,33850
318,345,KETTERING,East Midlands,0.4293763551295219,0.45045931758530183,0.12016432728517631,,,,,,,70104
319,346,KIDDERMINSTER,West Midlands,0.5373567363949667,0.2864630920894446,0.1593171435441212,,,,,,0.0168630279714675,62385
320,347,KILMARNOCK,Scotland,0.2912409057467506,0.5255865282432763,,0.18317256600997303,,,,,,48932
321,348,KINGSTON UPON THAMES,London,0.5785457497390699,0.26440913835092195,0.1570451119100081,,,,,,,43115
322,326,KINGSTON-UPON-HULL CENTRAL,Yorkshire and the Humber,0.34397776116613715,0.5213511493178845,0.11841244627172491,,,,,,0.01625864324425341,42808
323,327,KINGSTON-UPON-HULL EAST,Yorkshire and the Humber,0.24932193442986977,0.6251050803368915,0.11964090281853221,,,,,,0.005932082414706489,63047
324,328,KINGSTON-UPON-HULL WEST,Yorkshire and the Humber,0.32737439633991355,0.5577677991471095,0.1032505860092067,,,,,,0.011607218503770228,35409
325,349,KINGSWOOD,South West,0.45370138500953516,0.4478646967041011,0.09346406487777628,,,,,,0.004969853408587444,51913
326,350,KINROSS AND WEST PERTHSHIRE,Scotland,0.5050922461198061,0.08437184785084437,0.11622685712426382,0.29430904890508575,,,,,,30733
327,351,KIRKCALDY BURGHS,Scotland,0.26213201836998157,0.538591775835432,,0.19927620579458635,,,,,,47251
328,352,KNUTSFORD,North West,0.5957621842760583,0.199928850942725,0.1889674493062967,,,,,,0.015341515474919958,44976
329,353,LAMBETH CENTRAL,London,0.33065188245099103,0.5471971591114976,0.08475558937565678,,,,,,0.03739536906185455,27597
330,443,"LAMBETH,NORWOOD",London,0.41713687394566923,0.47356174742597873,0.08873829329300215,,,,,,0.020563085335349892,34382
331,587,"LAMBETH,VAUXHALL",London,0.3356761315715491,0.524438732479216,0.07397887465360055,,,,,,0.06590626129563436,24899
332,354,LANARK,Scotland,0.30927417433160176,0.43173044845827574,0.07070009054949244,0.18829528666063003,,,,,,41966
333,356,LANCASTER,North West,0.4764360617893367,0.3726515877108966,0.14609887276210123,,,,,,0.0048134777376654635,40719
334,357,"LEEDS,EAST",Yorkshire and the Humber,0.33261802575107297,0.5542792224185812,0.09723975427080704,,,,,,0.015862997559538836,47532
335,358,"LEEDS,NORTH EAST",Yorkshire and the Humber,0.4896152454468701,0.3597394765408274,0.12854902906766374,,,,,,0.022096248944638765,41455
