,id,Constituency,Country/Region,Con Vote,Labour Vote,Liberal Vote,SNP/PC Vote,DUP Vote,OUP Vote,Sinn Fein Vote,SDLP Vote,Alliance Vote,Worker's Party Vote,Other Vote,Total votes
0,1,LUTON SOUTH,Eastern,0.4185117765064269,0.33267701909502934,0.24881120439854373,,,,,,,,,53836
1,2,BEDFORDSHIRE MID,Eastern,0.5684840768714623,0.16207009273437364,0.2694458303941641,,,,,,,,,58123
2,3,BEDFORDSHIRE NORTH,Eastern,0.5202954088845896,0.21063695215417813,0.26266835330009675,,,,,,,,0.006399285661135501,53756
3,4,LUTON NORTH,Eastern,0.48344996112406974,0.26165352289977417,0.2548965159761561,,,,,,,,,54018
4,5,BEDFORDSHIRE SOUTH WEST,Eastern,0.5505355100343142,0.1715538456206024,0.27791064434508334,,,,,,,,,57702
5,6,BERKSHIRE EAST,South East,0.5681240382685488,0.13302000401418346,0.2988559577172677,,,,,,,,,59788
6,7,NEWBURY,South East,0.5932800357801755,0.05640968301000727,0.35031028120981716,,,,,,,,,53661
7,8,READING EAST,South East,0.5158982344647629,0.19397739946549947,0.27373161339197405,,,,,,,,0.016392752677763515,47521
8,9,READING WEST,South East,0.5210743974267931,0.19257278917248005,0.28299009983708595,,,,,,,,0.0033627135636409206,47878
9,10,SLOUGH,South East,0.42931081449196407,0.3688757442503016,0.1852161730941355,,,,,,,,0.016597268163598862,51394
10,11,WINDSOR & MAIDENHEAD,South East,0.5822947379845522,0.11546044896261057,0.2530253423294684,,,,,,,,0.049219470723368845,55283
11,12,WOKINGHAM,South East,0.6039732912646293,0.08001614264225704,0.3160105660931137,,,,,,,,,54514
12,13,AYLESBURY,South East,0.5805646245438832,0.1222200883426157,0.2940272709813712,,,,,,,,0.0031880161321298254,52070
13,14,BEACONSFIELD,South East,0.63768236939325,0.10659347540230844,0.2557241552044416,,,,,,,,,47911
14,15,BUCKINGHAM,South East,0.5691621219633118,0.1502231036192365,0.28061477441745164,,,,,,,,,48408
15,16,CHESHAM & AMERSHAM,South East,0.6102840149818374,0.07810882535619507,0.3116071596619676,,,,,,,,,53131
16,17,MILTON KEYNES,South East,0.48033885015936867,0.22234911111489883,0.28394893384922193,,,,,,,,0.013363104876510594,58669
17,18,WYCOMBE,South East,0.5421645952836202,0.1720044614404079,0.27931803696622054,,,,,,,,0.006512906309751434,50208
18,19,BEXHILL & BATTLE,South East,0.6734240735395342,0.07964562470857295,0.23498456824388836,,,,,,,,0.011945733508004529,45037
19,20,BRIGHTON KEMPTOWN,South East,0.5113688562241617,0.29598070739549837,0.18598989435002297,,,,,,,,0.00666054203031695,43540
20,21,BRIGHTON PAVILION,South East,0.5151354093687338,0.2386635421448071,0.24620104848645907,,,,,,,,,41393
21,22,EASTBOURNE,South East,0.5909466101376956,0.07109893820583049,0.3379544516564739,,,,,,,,,53306
22,23,HASTINGS & RYE,South East,0.5329977744961417,0.1519166372012729,0.30462364025874084,,,,,,,,0.010461948043844507,48079
23,24,HOVE,South East,0.6052431289640592,0.13847780126849896,0.24120507399577168,,,,,,,,0.015073995771670191,47300
24,25,LEWES,South East,0.5842501447596989,0.08473933270770521,0.3066309925523631,,,,,,,,0.024379529980232812,50083
25,26,WEALDEN,South East,0.6420254590061737,0.06153598648621473,0.2964385545076116,,,,,,,,,49727
26,27,BASILDON,Eastern,0.3867776624638417,0.3563274228807384,0.25689491465541986,,,,,,,,,45287
27,28,BILLERICAY,Eastern,0.5370313321131508,0.1907833934363844,0.2721852744504648,,,,,,,,,55183
28,29,BRAINTREE,Eastern,0.525787914480494,0.1882963914766035,0.2859156940429025,,,,,,,,,56034
29,30,BRENTWOOD & ONGAR,Eastern,0.5837837837837838,0.11363231363231363,0.3025839025839026,,,,,,,,,50505
30,31,CASTLE POINT,Eastern,0.5853626489138052,0.16689295725297829,0.24774439383321653,,,,,,,,,45664
31,32,CHELMSFORD,Eastern,0.47638367542528554,0.0512419135851769,0.4703458190240396,,,,,,,,0.0020285919654979634,62605
32,33,EPPING FOREST,Eastern,0.5651025000516113,0.17112244265984022,0.24763104110324324,,,,,,,,0.01614401618530523,48439
33,34,HARLOW,Eastern,0.41117008308171266,0.34226664916261884,0.24176215749892163,,,,,,,,0.004801110256746873,53321
34,35,HARWICH,Eastern,0.541465918963747,0.16392859963667958,0.2946054813995735,,,,,,,,,50644
35,36,COLCHESTER NORTH,Eastern,0.5297158537664867,0.18406656634504737,0.2633088430556785,,,,,,,,0.022908736832787466,56485
36,37,ROCHFORD,Eastern,0.5784127233149648,0.10011178004824192,0.3214754966367933,,,,,,,,,50993
37,38,SAFFRON WALDEN,Eastern,0.5784611348474628,0.11389700921969867,0.2927066936511506,,,,,,,,0.014935162281688029,53364
38,39,COLCHESTER SOUTH & MALDON,Eastern,0.536266899706986,0.1359173392278826,0.32781576106513133,,,,,,,,,58359
39,40,SOUTHEND EAST,Eastern,0.5577559448990586,0.15873585922068595,0.2835081958802555,,,,,,,,,38983
40,41,SOUTHEND WEST,Eastern,0.5450560357305322,0.07598941317563376,0.378954551093834,,,,,,,,,48362
41,42,THURROCK,Eastern,0.3535515475395235,0.391894900912937,0.2173458027165442,,,,,,,,0.03720774883099533,44910
42,43,ALDERSHOT,South East,0.5544765010278585,0.10757070957680584,0.33795278939533563,,,,,,,,,56428
43,44,BASINGSTOKE,South East,0.5132002459223898,0.1925066001229612,0.2880727640953311,,,,,,,,0.006220389859317927,55302
44,45,HAMPSHIRE EAST,South East,0.6281092836754112,0.05516854696207693,0.3167221693625119,,,,,,,,,58856
45,46,EASTLEIGH,South East,0.5100135403218188,0.18477815914601506,0.30520830053216613,,,,,,,,,63514
46,47,FAREHAM,South East,0.61796438810925,0.07182737286856798,0.310208239022182,,,,,,,,,53016
47,48,GOSPORT,South East,0.6064303699399574,0.0929476833021284,0.29543547033378526,,,,,,,,0.005186476424128951,46467
48,49,HAVANT,South East,0.5533554817275748,0.12026578073089701,0.32637873754152824,,,,,,,,,52675
49,50,ISLE OF WIGHT,South East,0.46324339389756725,0.024261085378316324,0.5097349595869776,,,,,,,,0.0027605611371388375,75347
50,51,NEW FOREST,South East,0.6637066687393129,0.07918156381159645,0.25711176744909064,,,,,,,,,51464
51,52,HAMPSHIRE NORTH WEST,South East,0.5732273163951516,0.10132248635611062,0.3254501972487378,,,,,,,,,48923
52,53,PORTSMOUTH NORTH,South East,0.5526565798733286,0.21134764250527796,0.23599577762139337,,,,,,,,,56840
53,54,PORTSMOUTH SOUTH,South East,0.500059765718384,0.22559566499322656,0.2543230536297713,,,,,,,,0.020021515658618216,50196
54,55,ROMSEY & WATERSIDE,South East,0.5660563800432545,0.12312625848310836,0.3108173614736371,,,,,,,,,53636
55,56,SOUTHAMPTON ITCHEN,South East,0.41462538746503363,0.27073410448325397,0.3146405080517124,,,,,,,,,52908
56,57,SOUTHAMPTON TEST,South East,0.45192448680351904,0.2806268328445748,0.26744868035190617,,,,,,,,,54560
57,58,WINCHESTER,South East,0.5755826538711307,0.08139115376289775,0.3402301753373259,,,,,,,,0.0027960170286456454,55436
58,59,BROXBOURNE,Eastern,0.5883131732563038,0.16366772983490802,0.2379490882830836,,,,,,,,0.0100700086257046,49851
59,60,HERTFORD & STORTFORD,Eastern,0.5597663704531873,0.11957129363687183,0.31054224415444226,,,,,,,,0.010120091755498583,51877
60,61,HERTSMERE,Eastern,0.5319508705427652,0.1916680602783507,0.25564412732036346,,,,,,,,0.02073694185852054,53817
61,62,HERTFORDSHIRE NORTH,Eastern,0.49028695724922616,0.1857943612482222,0.32391868150255165,,,,,,,,,59765
62,63,HERTFORDSHIRE SOUTH WEST,Eastern,0.5360950944735208,0.1387030958928413,0.31975516721369646,,,,,,,,0.005446642419941453,56365
63,64,ST ALBANS,Eastern,0.5205950459616869,0.10899235141393586,0.37041260262437725,,,,,,,,,57004
64,65,STEVENAGE                ,Eastern,0.3942307692307692,0.2403466848733121,0.3609467455621302,,,,,,,,0.0044758003337885,52728
65,66,WATFORD,Eastern,0.4795480679723292,0.26004344096227205,0.2604084910653987,,,,,,,,,54787
66,67,WELWYN HATFIELD,Eastern,0.4769983347210658,0.25843047460449625,0.26457119067443796,,,,,,,,,57648
67,68,HERTFORDSHIRE WEST,Eastern,0.46709045812184824,0.22311470293533073,0.309794838942821,,,,,,,,,60879
68,69,ASHFORD,South East,0.5680490654205608,0.12865070093457945,0.2778496328437917,,,,,,,,0.02545060080106809,47936
69,70,CANTERBURY,South East,0.5646566815794593,0.15378331063995332,0.2584516631005641,,,,,,,,0.023108344680023343,51410
70,71,DARTFORD,South East,0.5156247142935508,0.2675126625098283,0.20486752363363747,,,,,,,,0.011995099562983415,54689
71,72,DOVER,South East,0.48306226633518684,0.30808646309756516,0.2011842180175735,,,,,,,,0.00766705254967453,52693
72,73,FAVERSHAM,South East,0.5308281908555779,0.19793352421262292,0.2712382849317992,,,,,,,,,56231
73,74,FOLKESTONE & HYTHE,South East,0.5694798412366827,0.09818257781491539,0.3256945895132651,,,,,,,,0.0066429914351368285,47870
74,75,GILLINGHAM,South East,0.5172440836813521,0.1781071701664608,0.3046487461521871,,,,,,,,,51003
75,76,GRAVESHAM,South East,0.473678450257196,0.3193061179818321,0.19747546605377403,,,,,,,,0.00953996570719784,54822
76,77,MAIDSTONE,South East,0.5091147338806028,0.1210159170617027,0.36986934905769453,,,,,,,,,51894
77,78,MEDWAY,South East,0.4891124826147427,0.3010039986091794,0.2098835187760779,,,,,,,,,46016
78,79,KENT MID,South East,0.5346355427392705,0.18792228840851208,0.27062240838577956,,,,,,,,0.006819760466437938,47509
79,80,THANET NORTH,South East,0.5843708435994156,0.14133397291934674,0.2672306652421342,,,,,,,,0.007064518239103416,45863
80,81,SEVENOAKS,South East,0.5841461791493164,0.1224307417336908,0.28551328123514536,,,,,,,,0.007909797881847393,52593
81,82,THANET SOUTH,South East,0.5647666006174831,0.1942076402009124,0.24102575918160454,,,,,,,,,43402
82,83,TONBRIDGE & MALLING,South East,0.5610957387935805,0.12720900202914592,0.3116952591772736,,,,,,,,,54210
83,84,TUNBRIDGE WELLS,South East,0.5826143790849673,0.11282913165266106,0.30014939309056954,,,,,,,,0.0044070961718020545,53550
84,85,BANBURY,South East,0.5335598461882769,0.1900876889585156,0.2685601513702671,,,,,,,,0.007792313482940327,49151
85,86,HENLEY,South East,0.596768853870092,0.09450661016575074,0.29261294665518994,,,,,,,,0.016111589308967313,45309
86,87,OXFORD EAST,South East,0.3998384319394545,0.37290333553009203,0.22725823253045346,,,,,,,,,47039
87,88,OXFORD WEST & ABINGDON,South East,0.4768666145237952,0.1692637827647755,0.33345366303672064,,,,,,,,0.020415939674708703,49863
88,89,WANTAGE,South East,0.5287548060296601,0.14474032182598612,0.32278210631242754,,,,,,,,0.003722765831926277,49157
89,90,WITNEY,South East,0.5537116724234413,0.13787314512861085,0.3084151824479478,,,,,,,,,51823
90,91,CHERTSY & WALTON,South East,0.5833251439690246,0.13565518190216003,0.2747695512883508,,,,,,,,0.006250122840464631,50879
91,92,SURREY EAST,South East,0.6290103097539036,0.09800032290056969,0.2729893673455267,,,,,,,,,43357
92,93,EPSOM & EWELL,South East,0.6042739747572052,0.12949711005386702,0.2662289151889278,,,,,,,,,50866
93,94,ESHER,South East,0.6328505624944636,0.07197271680396847,0.28047214102223406,,,,,,,,0.014704579679333864,45156
94,95,GUILDFORD,South East,0.5508938075835994,0.10742209007818522,0.3338839334875014,,,,,,,,0.007800168850713945,54486
95,96,MOLE VALLEY,South East,0.6082850177214153,0.08496035729651104,0.30675462498207373,,,,,,,,,48811
96,97,SURREY NORTH WEST,South East,0.6414370865741077,0.09907683361197936,0.2594860798139129,,,,,,,,,55028
97,98,REIGATE,South East,0.5903747534516766,0.12059171597633137,0.2687376725838264,,,,,,,,0.02029585798816568,50700
98,99,SURREY SOUTH WEST,South East,0.5971896505324671,0.08148475644919458,0.3213255930183384,,,,,,,,,52022
99,100,SPELTHORNE,South East,0.5237779554273012,0.15454208668863453,0.26043636789049857,,,,,,,,0.06124358999356562,51287
100,101,WOKING,South East,0.582777214243767,0.11684729414695781,0.29382663321054225,,,,,,,,0.0065488583987329384,56193
101,102,ARUNDEL,South East,0.5958457883038246,0.08243274315934698,0.2949145397409366,,,,,,,,0.026806928795891777,52188
102,103,CHICHESTER,South East,0.6372485632183909,0.0717492816091954,0.27595186781609193,,,,,,,,0.015050287356321839,55680
103,104,CRAWLEY,South East,0.48068947641264903,0.26196030511738133,0.25735021846996964,,,,,,,,,54012
104,105,HORSHAM,South East,0.6323227604157976,0.08340980761850733,0.2688335307760332,,,,,,,,0.01543390118966179,59933
105,106,SUSSEX MID,South East,0.6136387334468736,0.06030377810990233,0.32265128080358696,,,,,,,,0.0034062076396371346,57542
106,107,SHOREHAM,South East,0.6164908730004282,0.07383333982018449,0.3096757871793874,,,,,,,,,51386
107,108,WORTHING,South East,0.6085061394072041,0.05857476722187187,0.3255926104536855,,,,,,,,0.007326482917238565,53914
108,109,CAMBRIDGE,Eastern,0.41513288377627927,0.282427608092027,0.29676715589051966,,,,,,,,0.005672352241174137,50420
109,110,HUNTINGDON,Eastern,0.6236958540449009,0.11501975564902314,0.25320005098232007,,,,,,,,0.00808433932375594,54921
110,111,CAMBRIDGESHIRE NORTH EAST,Eastern,0.4078833814866234,0.08676972721473866,0.505346891298638,,,,,,,,,53302
111,112,PETERBOROUGH,Eastern,0.47091125731751543,0.29064566820356075,0.2269422714949317,,,,,,,,0.011500802983992125,57909
112,113,CAMBRIDGESHIRE SOUTH EAST,Eastern,0.5756244078456669,0.12621202652851413,0.2981635656258189,,,,,,,,,49607
113,114,CAMBRIDGESHIRE SOUTH WEST,Eastern,0.5618888005805315,0.11581257127060368,0.32229862814886484,,,,,,,,,57878
114,115,GREAT YARMOUTH,Eastern,0.5044657922562937,0.2524916196089901,0.2430425881347162,,,,,,,,,44449
115,116,NORFOLK MID,Eastern,0.5593403205918619,0.17243372379778052,0.26042308877928483,,,,,,,,0.00780286683107275,51904
116,117,NORFOLK NORTH,Eastern,0.5402232565803023,0.19188944268237426,0.2678873007373234,,,,,,,,,48554
117,118,NORFOLK NORTH WEST,Eastern,0.4349072763834066,0.18878007000819244,0.376312653608401,,,,,,,,,53708
118,119,NORWICH NORTH,Eastern,0.4465611342297317,0.3236235126827126,0.22575855795570984,,,,,,,,0.004056795131845842,47821
119,120,NORWICH SOUTH,Eastern,0.38806275022469156,0.3530925729226244,0.24446441702753494,,,,,,,,0.014380259825149113,48956
120,121,NORFOLK SOUTH,Eastern,0.5416351049024962,0.13049835291630701,0.3278665421811968,,,,,,,,,56767
121,122,NORFOLK SOUTH WEST,Eastern,0.556761171391903,0.17640882044102205,0.26683000816707503,,,,,,,,,51426
122,123,BURY ST. EDMUNDS,Eastern,0.5897051569081319,0.12647516411793724,0.28381967897393084,,,,,,,,,52706
123,124,SUFFOLK CENTRAL,Eastern,0.5346692959548047,0.1923644051235588,0.27296629892163654,,,,,,,,,56289
124,125,IPSWICH,Eastern,0.41595744680851066,0.43717494089834513,0.1422379826635146,,,,,,,,0.004629629629629629,50760
125,126,SUFFOLK SOUTH,Eastern,0.5064707398814128,0.18073386611669676,0.31279539400189055,,,,,,,,,58185
126,127,SUFFOLK COASTAL,Eastern,0.5824229091315858,0.12640292330064506,0.2911741675677691,,,,,,,,,53638
127,128,WAVENEY,Eastern,0.5175875115034596,0.2739186748014588,0.20849381369508163,,,,,,,,,58678
128,129,BARKING,London,0.3035943892460549,0.4212448860315605,0.25628287551139683,,,,,,,,0.018877849210987726,34220
129,130,BATTERSEA,London,0.36366948245634007,0.4382613447482866,0.17475352353195656,,,,,,,,0.023315649263416744,43919
130,131,BECKENHAM,London,0.5739223456760107,0.15526002285380855,0.26588218132308966,,,,,,,,0.004935450147091002,41131
131,132,BETHNAL GREEN & STEPNEY,London,0.14018418833906218,0.5104092353589726,0.3042350346974512,,,,,,,,0.045171541604513914,30838
132,133,BEXLEYHEATH,London,0.5305729308312936,0.17133532771280935,0.298091741455897,,,,,,,,,44124
133,134,BOW & POPLAR,London,0.16026622504140237,0.49614098678248914,0.3130019060713058,,,,,,,,0.030590882104802673,32003
134,135,BRENT EAST,London,0.3461076006037504,0.4697741052470004,0.16879428995369541,,,,,,,,0.015324004195553737,39089
135,136,BRENT NORTH,London,0.5631191204805621,0.2310098605916355,0.20587101892780232,,,,,,,,,44115
136,137,BRENT SOUTH,London,0.26909200240529163,0.5326468230106234,0.18934155141310885,,,,,,,,0.008919623170976148,39912
137,138,BRENTFORD & ISLEWORTH,London,0.4742972120649293,0.29268481436337956,0.2212935554394722,,,,,,,,0.011724418132218934,51687
138,139,CARSHALTON & WALLINGTON,London,0.5132993774759479,0.17493330099442153,0.29592125474977765,,,,,,,,0.01584606677985286,49476
139,140,CHELSEA,London,0.6323830941199815,0.12818308089159336,0.2348369601164098,,,,,,,,0.004596864872015345,30238
140,141,CHINGFORD,London,0.551070799921768,0.17697535693330727,0.24757969880696265,,,,,,,,0.024374144337962058,40904
141,142,CHIPPING BARNET,London,0.561129817591628,0.15985562365252778,0.2609190668830697,,,,,,,,0.0180954918727744,41281
142,143,CHISLEHURST,London,0.5572134287730618,0.1844944046778909,0.25322613166649866,,,,,,,,0.005066034882548644,39676
143,144,CROYDON CENTRAL,London,0.5381302385557705,0.2332688588007737,0.22860090264345584,,,,,,,,,38775
144,145,CROYDON NORTH EAST,London,0.5250117757889778,0.223810645313236,0.25117757889778614,,,,,,,,,42460
145,146,CROYDON NORTH WEST,London,0.42277948223839346,0.2424250107761353,0.31902431603235376,,,,,,,,0.01577119095311747,39439
146,147,CROYDON SOUTH,London,0.6514013795512092,0.07788352396751942,0.2707150964812713,,,,,,,,,45812
147,148,DAGENHAM,London,0.3175892498997192,0.39272462896109106,0.2699809466506217,,,,,,,,0.01970517448856799,39888
148,149,DULWICH,London,0.40547858776518836,0.3566076921054707,0.22019506296169722,,,,,,,,0.017718657167643734,38039
149,150,EALING NORTH,London,0.4509085237463932,0.3282578179833112,0.21486781564376511,,,,,,,,0.005965842626530453,51292
150,151,EALING ACTON,London,0.49226476169215316,0.2669717602410983,0.23647728541131824,,,,,,,,0.004286192655430294,44795
151,152,EALING SOUTHALL,London,0.3050062774639046,0.5230696798493408,0.15809400502197113,,,,,,,,0.013830037664783428,50976
152,153,EDMONTON,London,0.4249294323222367,0.398203324521708,0.16853353644876562,,,,,,,,0.008333706707289753,44638
153,154,ELTHAM,London,0.47898170402707607,0.2927846176485015,0.22146465885122874,,,,,,,,0.0067690194731937015,40774
154,155,ENFIELD NORTH,London,0.5170200666179219,0.27906409943943455,0.19197335283126168,,,,,,,,0.011942481111381915,49236
155,156,ENFIELD SOUTHGATE,London,0.5809193332308435,0.1785957437462939,0.2335009773131575,,,,,,,,0.006983945709705049,45533
156,157,ERITH & CRAYFORD,London,0.37118232580723476,0.2733673221655742,0.3488468074775431,,,,,,,,0.006603544549647973,41190
157,158,FELTHAM & HESTON,London,0.4336952945047713,0.39442799166392456,0.15915323022924208,,,,,,,,0.012723483602062081,54702
158,159,FINCHLEY,London,0.510607283233985,0.26816253221230185,0.20207199937527656,,,,,,,,0.01915818517843663,38417
159,160,FULHAM,London,0.46178432814997084,0.34030085487430556,0.18249156540929962,,,,,,,,0.015423251566423987,39421
160,161,GREENWICH,London,0.3476991758241758,0.38235462454212454,0.2513450091575092,,,,,,,,0.018601190476190476,34944
161,162,HACKNEY NORTH & STOKE NEWINGTON,London,0.2861918724138876,0.5203463677965637,0.15745485435562984,,,,,,,,0.03600690543391884,36493
162,163,HACKNEY SOUTH & SHOREDITCH,London,0.2328067156786068,0.43331247718859167,0.18314302101256583,,,,,,,,0.15073778612023567,38358
163,164,HAMMERSMITH,London,0.3553279435900553,0.4147164306121208,0.14968694912163394,,,,,,,,0.08026867667618989,32902
164,165,HAMPSTEAD & HIGHGATE,London,0.4122744006464937,0.33662566220705753,0.24759809643530573,,,,,,,,0.003501840711143037,44548
165,166,HARROW EAST,London,0.49764415526138656,0.22334788836920316,0.2790079563694103,,,,,,,,,57941
166,167,HARROW WEST,London,0.5303391176137008,0.14765037238667725,0.32201050999962194,,,,,,,,,52902
167,168,HAYES & HARLINGTON,London,0.4028750551011412,0.2991869520497625,0.2900034285154528,,,,,,,,0.007934564333643533,40834
168,169,HENDON NORTH,London,0.49904232647225444,0.23701745393725215,0.25557743667215194,,,,,,,,0.008362782918341471,37069
169,170,HENDON SOUTH,London,0.4860558900374872,0.21058161990230603,0.30336249006020677,,,,,,,,,35212
170,171,HOLBORN & ST PANCRAS,London,0.30681976339596384,0.4752029691486894,0.21438181396427744,,,,,,,,0.0035954534910693572,43110
171,172,HORNCHURCH,London,0.4704446496899327,0.2684830892378062,0.24741610590667196,,,,,,,,0.013656155165589127,45474
172,173,HORNSEY & WOOD GREEN,London,0.42442391056354095,0.3502927979314016,0.209046315309149,,,,,,,,0.016236976195908435,52596
173,174,ILFORD NORTH,London,0.5133806917433329,0.25249796203563524,0.23412134622103178,,,,,,,,,42935
174,175,ILFORD SOUTH,London,0.4543839583384031,0.34327014333341443,0.19465602414036454,,,,,,,,0.007689874187817877,41093
175,176,ISLINGTON NORTH,London,0.25278649496807704,0.4044746239584461,0.2236770912238935,,,,,,,,0.11906178984958338,36964
176,177,ISLINGTON SOUTH & FINSBURY,London,0.2668788606263318,0.36306746149488844,0.35327596903406794,,,,,,,,0.016777708844711785,37073
177,178,KENSINGTON,London,0.459636129447754,0.2953791659958139,0.22131701819352761,,,,,,,,0.023667686362904523,31055
178,179,KINGSTON UPON THAMES,London,0.5409627344400372,0.12185985015425298,0.3237353704519857,,,,,,,,0.013442044953724107,40842
179,180,LEWISHAM EAST,London,0.40355413473743595,0.35868083305909454,0.21980630905928258,,,,,,,,0.017958723144186922,42542
180,181,LEWISHAM WEST,London,0.44023724685399845,0.3837219791619683,0.16846330792476658,,,,,,,,0.0075774660592666096,44342
181,182,LEWISHAM DEPTFORD,London,0.3154377366896859,0.4834038761416797,0.18751392292269994,,,,,,,,0.013644464245934507,35912
182,183,LEYTON,London,0.31597258829731156,0.43500263574064313,0.24902477596204534,,,,,,,,,37940
183,184,MITCHAM & MORDEN,London,0.4267358271275451,0.2878911798889415,0.27377211484654124,,,,,,,,0.011600878136972149,46462
184,185,NEWHAM NORTH EAST,London,0.2777118993606929,0.4970612497422149,0.20475871313672922,,,,,,,,0.02046813776036296,38792
185,186,NEWHAM NORTH WEST,London,0.21895670206299833,0.4663019771890307,0.18606314133504953,,,,,,,,0.12867817941292145,27969
186,187,NEWHAM SOUTH,London,0.22993781462836838,0.5019618004145692,0.23134438851051228,,,,,,,,0.03675599644655019,27016
187,188,NORWOOD,London,0.36690036698252726,0.4458563838527688,0.1744810209782549,,,,,,,,0.012762228186449034,36514
188,189,OLD BEXLEY & SIDCUP,London,0.6020621878524247,0.13737178454433166,0.26056602760324366,,,,,,,,,37242
189,190,ORPINGTON,London,0.5727694272081718,0.07703680473107681,0.3453775677068166,,,,,,,,0.004816200353934724,44641
190,191,PECKHAM,London,0.2418824113739368,0.5158005835971937,0.21748308188986154,,,,,,,,0.024833923139007886,32214
191,192,PUTNEY,London,0.46532862250979057,0.3585050229865486,0.1632044951472842,,,,,,,,0.01296185935637664,46984
192,193,RAVENSBOURNE,London,0.6304554850997608,0.09376814623835737,0.27015538986830184,,,,,,,,0.005620978793580006,43053
193,194,RICHMOND & BARNES,London,0.4653489836301493,0.07096600107933082,0.46368501529051986,,,,,,,,,44472
194,195,ROMFORD,London,0.5340412402941328,0.19267753380984212,0.2621741142592688,,,,,,,,0.011107111636756312,38894
195,196,RUISLIP - NORTHWOOD,London,0.5957829713757631,0.12415185194192466,0.2800651766823123,,,,,,,,,41119
196,197,SOUTHWARK & BERMONDSEY,London,0.13000087034726857,0.3487481505120543,0.49856392700687574,,,,,,,,0.022687052133801386,34469
197,198,STREATHAM,London,0.4651115412040338,0.31481104206987875,0.21190282163593765,,,,,,,,0.00817459509014974,39268
198,199,SURBITON,London,0.5451964739279844,0.1545794113252652,0.28375915135215896,,,,,,,,0.016464963394591366,33465
199,200,SUTTON & CHEAM,London,0.5714346675770249,0.07612870188614833,0.35243663053682683,,,,,,,,,46868
200,201,CITY OF LONDON & WESTMINSTER SOUTH,London,0.5911304793642655,0.17126662679085136,0.2098322367484121,,,,,,,,0.02777065709647099,35109
201,202,TOOTING,London,0.36957799203430036,0.42744901734607266,0.1810129061745054,,,,,,,,0.021960084445121552,45947
202,203,TOTTENHAM,London,0.3023066926575699,0.5203518054395248,0.16221108326371483,,,,,,,,0.015130418639190568,43092
203,204,TWICKENHAM,London,0.503630310080629,0.07485258133097998,0.4075173492719323,,,,,,,,0.013999759316458743,49858
204,205,UPMINSTER,London,0.525257376741078,0.20525403554200514,0.25766909599682586,,,,,,,,0.011819491720091047,47887
205,206,UXBRIDGE,London,0.5362276525020214,0.2158611086155781,0.2479112388824005,,,,,,,,,44524
206,207,VAUXHALL,London,0.26658846330392205,0.46498699444076097,0.24264293364614678,,,,,,,,0.025781608609170194,39214
207,208,WALTHAMSTOW,London,0.3591178505881999,0.39838132202063964,0.2163853536721124,,,,,,,,0.02611547371904805,33237
208,209,WANSTEAD & WOODFORD,London,0.6025302976522489,0.13523654987069622,0.23860351909132396,,,,,,,,0.023629633385730948,39442
209,210,WESTMINSTER NORTH,London,0.43228954859699065,0.39365595770638473,0.15715512177488591,,,,,,,,0.016899371921738737,44262
210,211,WIMBLEDON,London,0.5205582717697991,0.18966594154515498,0.27187749036162745,,,,,,,,0.017898296323418553,46429
211,212,WOOLWICH,London,0.25133955409184766,0.3336992603047649,0.4049243315298361,,,,,,,,0.01003685407355132,38259
212,213,BATH,South West,0.4709421349488197,0.15163985794861082,0.36014205138917904,,,,,,,,0.017275955713390433,47870
213,214,BRISTOL EAST,South West,0.4053352942378005,0.36879302244827095,0.2125130216312274,,,,,,,,0.013358661682701146,48957
214,215,BRISTOL NORTH WEST,South West,0.43853211009174314,0.32582167987886346,0.23564621002939343,,,,,,,,,56135
215,216,BRISTOL SOUTH,South West,0.35096386513953864,0.44007097919019195,0.19507178577189868,,,,,,,,0.013893369898370705,49592
216,217,BRISTOL WEST,South West,0.4910110187512082,0.19512855209742896,0.29425865068625556,,,,,,,,0.019601778465107286,51730
217,218,KINGSWOOD,South West,0.40352163031819804,0.37139792634966035,0.22508044333214158,,,,,,,,,55940
218,219,NORTHAVON,South West,0.5369818099373899,0.14375904707092904,0.3105565147630757,,,,,,,,0.008702628228605312,57339
219,220,WANSDYKE,South West,0.5060961500809853,0.21657796842461244,0.27353469910827116,,,,,,,,0.003791182386131036,56183
220,221,WESTON-SUPER-MARE,South West,0.5355459318591193,0.11077683669949795,0.35367723144138274,,,,,,,,,52186
221,222,WOODSPRING,South West,0.5759220849490486,0.11788258634683019,0.30300297592208497,,,,,,,,0.003192352782036252,55445
222,223,FALMOUTH & CAMBORNE,South West,0.4999695313928216,0.2121833803904044,0.2760252686315533,,,,,,,,0.011821819585220694,49231
223,224,CORNWALL NORTH,South West,0.5242024099975788,0.03903674594453653,0.42998156184232583,,,,,,,,0.006779282215558825,53693
224,225,CORNWALL SOUTH EAST,South West,0.5528534624092435,0.048930439534702164,0.38980404403154034,,,,,,,,0.008412054024514013,51236
225,226,ST IVES,South West,0.513982907429345,0.11232865121001862,0.347732272804197,,,,,,,,0.02595616855643933,47272
226,227,TRURO,South West,0.38123430540535586,0.04543871547189178,0.5733269791227523,,,,,,,,,54557
227,228,EXETER,South West,0.4652136737222329,0.22838396705463557,0.2928089064163191,,,,,,,,0.013593452806812432,57307
228,229,HONITON,South West,0.6058499962833569,0.06275551921504498,0.33139448450159814,,,,,,,,,53812
229,230,DEVON NORTH,South West,0.5506700413993368,0.056762218690525244,0.37944159946632133,,,,,,,,0.013126140443816587,50967
230,231,PLYMOUTH DEVONPORT,South West,0.33859088974031504,0.20955725840783312,0.44365687526607067,,,,,,,,0.008194976585781184,46980
231,232,PLYMOUTH DRAKE,South West,0.5064337999229485,0.20344163349171696,0.2859381019648132,,,,,,,,0.004186464620521382,38935
232,233,PLYMOUTH SUTTON,South West,0.551162332976141,0.14297898397008332,0.2955802917313622,,,,,,,,0.010278391322413453,45727
233,234,SOUTH HAMS,South West,0.5724066054518337,0.06871394943487089,0.3495714362724839,,,,,,,,0.009308008840811486,55651
234,235,TEIGNBRIDGE,South West,0.5404191044319528,0.07167985927880387,0.38329318190508965,,,,,,,,0.00460785438415357,52302
235,236,TIVERTON,South West,0.5478269658378816,0.06375581160299171,0.38841722255912675,,,,,,,,,49470
236,237,TORBAY,South West,0.5259057822851068,0.07199231209618058,0.39187862926310624,,,,,,,,0.010223276355606445,48908
237,238,DEVON WEST & TORRIDGE,South West,0.5799594199661212,0.06572848606690121,0.35004932894026547,,,,,,,,0.0042627650267120865,53721
238,239,BOURNEMOUTH EAST,South West,0.5344769021739131,0.08547044836956522,0.2921195652173913,,,,,,,,0.08793308423913043,47104
239,240,BOURNEMOUTH WEST,South West,0.569046857508396,0.1248000959539421,0.3025547737086199,,,,,,,,0.00359827282904206,50024
240,241,CHRISTCHURCH,South West,0.6707121109607578,0.07590493910690121,0.253382949932341,,,,,,,,,47296
241,242,DORSET NORTH,South West,0.5809431774255895,0.05237727097023579,0.3609972941631233,,,,,,,,0.005682257441051411,51740
242,243,POOLE,South West,0.583146045832613,0.1074742119518239,0.30597975374094777,,,,,,,,0.00339998847461534,52059
243,244,DORSET SOUTH,South West,0.5709528177721055,0.15616400111673912,0.2698719738363977,,,,,,,,0.0030112072747577076,50146
244,245,DORSET WEST,South West,0.597005035780546,0.11414435904231822,0.2888506051771358,,,,,,,,,45276
245,246,CHELTENHAM,South West,0.5056214811606756,0.07605023819835427,0.4100303161541793,,,,,,,,0.00829796448679082,57725
246,247,CIRENCESTER & TEWKESBURY,South West,0.5715571857285762,0.08741247082360787,0.34103034344781596,,,,,,,,,59980
247,248,GLOUCESTER,South West,0.48485873493439674,0.26166527211550444,0.2403197379430667,,,,,,,,0.0131562550070321,56171
248,249,STROUD,South West,0.513060661917335,0.16840199936896993,0.318537338713695,,,,,,,,,60219
249,250,GLOUCESTERSHIRE WEST,South West,0.4583784515430428,0.24654845695722793,0.29507309149972927,,,,,,,,,59104
250,251,BRIDGWATER,South West,0.5226160987489853,0.17743177702379218,0.29995212422722256,,,,,,,,,48041
251,252,SOMERTON & FROME,South West,0.5439374395356337,0.09809335698161883,0.3579692034827475,,,,,,,,,49616
252,253,TAUNTON,South West,0.5288684037249554,0.17868497789483587,0.2924466183802088,,,,,,,,,53155
253,254,WELLS,South West,0.5264959037643887,0.07771440423104843,0.3901275536658716,,,,,,,,0.005662138338691279,48215
254,255,YEOVIL,South West,0.43994842428609354,0.05551973908756495,0.5045318366263415,,,,,,,,,52738
255,256,DEVIZES,South West,0.5394606035339768,0.16784786582432737,0.2889394862585383,,,,,,,,0.0037520443831574896,62366
256,257,WILTSHIRE NORTH,South West,0.5304743116905395,0.04954112702633159,0.40641564456642937,,,,,,,,0.013568916716699546,58295
257,258,SALISBURY,South West,0.5348893211077151,0.05814578123552839,0.40200055570991944,,,,,,,,0.004964341946837084,53985
258,259,SWINDON,South West,0.39162336750456395,0.36713593596405,0.24124069653138605,,,,,,,,,56968
259,260,WESTBURY,South West,0.5141021830311437,0.10003632880874533,0.373641797945771,,,,,,,,0.012219690214339971,60558
260,261,BROMSGROVE,West Midlands,0.5622343532824366,0.2070785407811776,0.2162641258586306,,,,,,,,0.014422980077755172,49643
261,262,HEREFORD,West Midlands,0.48067732366512855,0.07601351351351351,0.43377142386288725,,,,,,,,0.009537738958470666,48544
262,263,LEOMINSTER,West Midlands,0.5699489934976444,0.03761242845461979,0.3794338667601137,,,,,,,,0.013004711287622163,51366
263,264,WORCESTERSHIRE MID,West Midlands,0.5086065203648514,0.2520364851440441,0.2323850808272374,,,,,,,,0.006971913663867064,55365
264,265,WORCESTERSHIRE SOUTH,West Midlands,0.557696940496266,0.07751607582973519,0.3466449233734225,,,,,,,,0.018142060300576322,53963
265,266,WORCESTER,West Midlands,0.49447340134260853,0.22731052386070943,0.27399760683067315,,,,,,,,0.004218467966008883,49307
266,267,WYRE FOREST,West Midlands,0.4836910959037648,0.19204148876021135,0.3242674153360239,,,,,,,,,51291
267,268,LUDLOW,West Midlands,0.5567136985720944,0.1260327952205415,0.3172535062073641,,,,,,,,,47202
268,269,SHROPSHIRE NORTH,West Midlands,0.5344336084021005,0.1474118529632408,0.31562265566391595,,,,,,,,0.0025318829707426855,53320
269,270,SHREWSBURY & ATCHAM,West Midlands,0.49537055837563454,0.18436548223350255,0.32026395939086294,,,,,,,,,49250
270,271,WREKIN THE,West Midlands,0.38955692402696535,0.3667255604919636,0.24371751548107107,,,,,,,,,58297
271,272,BURTON,West Midlands,0.5112525448909594,0.2976284367491425,0.19111901835989803,,,,,,,,,54521
272,273,CANNOCK & BURNTWOOD,West Midlands,0.40934371523915464,0.36943582538102765,0.22122045937981774,,,,,,,,,51243
273,274,STAFFORDSHIRE MID,West Midlands,0.5206659012629162,0.22426329889016455,0.25507079984691927,,,,,,,,,52260
274,275,NEWCASTLE UNDER LYME,West Midlands,0.36424443916726035,0.41973402992163383,0.21602153091110585,,,,,,,,,50532
275,276,STAFFORDSHIRE SOUTH EAST,West Midlands,0.5069992154271793,0.2819919890985671,0.21100879547425364,,,,,,,,,48434
276,277,STAFFORDSHIRE SOUTH,West Midlands,0.5920919473760301,0.17290732976724013,0.2350007228567298,,,,,,,,,55336
277,278,STAFFORD,West Midlands,0.5118143772452872,0.23682456205325728,0.24743528017480834,,,,,,,,0.003925780526647161,54002
278,279,STAFFORDSHIRE MOORLANDS,West Midlands,0.5374897251706515,0.24146742432364818,0.2210428505057003,,,,,,,,,55962
279,280,STOKE-ON-TRENT CENTRAL,West Midlands,0.29351473922902493,0.4805895691609977,0.2144671201814059,,,,,,,,0.011428571428571429,44100
280,281,STOKE-ON-TRENT NORTH,West Midlands,0.3091810949929808,0.46272344408048666,0.22809546092653252,,,,,,,,,53425
281,282,STOKE-ON-TRENT SOUTH,West Midlands,0.33571297821709684,0.4802204730815384,0.18406654870136474,,,,,,,,,49167
282,283,WARWICKSHIRE NORTH,West Midlands,0.4194597018271494,0.37116541493853455,0.20937488323431602,,,,,,,,,53526
283,284,NUNEATON,West Midlands,0.4049060522345657,0.305746585944082,0.27947256019906347,,,,,,,,0.009874801622288838,51039
284,285,RUGBY & KENILWORTH,West Midlands,0.5091177835450218,0.22652664867744873,0.2643555677775295,,,,,,,,,58183
285,286,STRATFORD-ON-AVON,West Midlands,0.6090060111635895,0.1025296980105911,0.28846429082581937,,,,,,,,,55896
286,287,WARWICK & LEAMINGTON,West Midlands,0.5084771768316072,0.21985040276179516,0.2585347142309168,,,,,,,,0.01313770617568086,52140
287,288,ALDRIDGE-BROWNHILLS,West Midlands,0.5071937157379597,0.24918611245300457,0.24362017180903572,,,,,,,,,47611
288,289,BIRMINGHAM EDGBASTON,West Midlands,0.536957832976915,0.20965619345287054,0.2239129242748259,,,,,,,,0.029473049295388496,36474
289,290,BIRMINGHAM ERDINGTON,West Midlands,0.39151395695717023,0.3976667376944385,0.21081930534839122,,,,,,,,,37544
290,291,BIRMINGHAM HALL GREEN,West Midlands,0.490693032539572,0.27315137167525416,0.23615559578517384,,,,,,,,,43086
291,292,BIRMINGHAM HODGE HILL,West Midlands,0.3528445067427135,0.475905070327227,0.15846585141862826,,,,,,,,0.012784571511431196,41378
292,293,BIRMINGHAM LADYWOOD,West Midlands,0.27084599730422604,0.5095012818140973,0.20503739725665354,,,,,,,,0.014615323625023125,37837
293,294,BIRMINGHAM NORTHFIELD,West Midlands,0.4271697827854132,0.37499291075108226,0.1898973476756716,,,,,,,,0.007939958787832959,52897
294,295,BIRMINGHAM PERRY BARR,West Midlands,0.3817800477734838,0.5255277416347853,0.09269221059173091,,,,,,,,,51493
295,296,BIRMINGHAM SMALL HEATH,West Midlands,0.21044784361367275,0.6315644154840134,0.15798774090231377,,,,,,,,,36218
296,297,BIRMINGHAM SPARKBROOK,West Midlands,0.27933147294346033,0.5992780878427566,0.10361562727493327,,,,,,,,0.017774811938849795,32968
297,298,BIRMINGHAM YARDLEY,West Midlands,0.43203382095073384,0.36321491196464173,0.1947827340203214,,,,,,,,0.009968533064303044,41631
298,299,BIRMINGHAM SELLY OAK,West Midlands,0.4490855503288896,0.3437628091269299,0.2071516405441805,,,,,,,,,51233
299,300,COVENTRY NORTH EAST,West Midlands,0.28917246879782715,0.47832553728093813,0.22096958461770602,,,,,,,,0.0115324093035287,46391
300,301,COVENTRY NORTH WEST,West Midlands,0.3648860453762944,0.4429456049744341,0.19216834964927157,,,,,,,,,38919
301,302,COVENTRY SOUTH EAST,West Midlands,0.33888068715608644,0.41087102402362097,0.2502482888202926,,,,,,,,,37255
302,303,COVENTRY SOUTH WEST,West Midlands,0.44997671452001536,0.31943628890193776,0.22625387247656265,,,,,,,,0.004333124101484196,49387
303,304,DUDLEY EAST,West Midlands,0.3491881960328471,0.45822865499268817,0.19258314897446474,,,,,,,,,53338
304,305,DUDLEY WEST,West Midlands,0.4616453208646744,0.31386799484990174,0.22448668428542387,,,,,,,,,59028
305,306,HALESOWEN & STOURBRIDGE,West Midlands,0.4839234630076914,0.25028692807098685,0.25581992908165885,,,,,,,,0.009969679839662881,58377
306,307,MERIDEN,West Midlands,0.5365973164480627,0.2535805819387909,0.20115332428765265,,,,,,,,0.008668777325493744,53064
307,308,SOLIHULL,West Midlands,0.6076462196861626,0.11554921540656206,0.27680456490727534,,,,,,,,,52575
308,309,SUTTON COLDFIELD,West Midlands,0.6535152712603935,0.08368321396229522,0.2628015147773113,,,,,,,,,48588
309,310,WALSALL NORTH,West Midlands,0.36738200936969373,0.42515496818804854,0.20746302244225773,,,,,,,,,48881
310,311,WALSALL SOUTH,West Midlands,0.42077781778898093,0.4348217500900252,0.13175689192974033,,,,,,,,0.012643540191253551,49986
311,312,WARLEY EAST,West Midlands,0.3698699330723576,0.4555120596034853,0.16913751736330346,,,,,,,,0.005480489960853643,39595
312,313,WARLEY WEST,West Midlands,0.3354918603751193,0.4714016666236681,0.19310647300121256,,,,,,,,,38761
313,314,WEST BROMWICH EAST,West Midlands,0.3740945070760374,0.3812425041976493,0.24466298872631326,,,,,,,,,41690
314,315,WEST BROMWICH WEST,West Midlands,0.329073482428115,0.5073160254517143,0.16361049212017076,,,,,,,,,37247
315,316,WOLVERHAMPTON NORTH EAST,West Midlands,0.39589521406079015,0.4006744534024164,0.1903655894767403,,,,,,,,0.013064743060053152,44777
316,317,WOLVERHAMPTON SOUTH EAST,West Midlands,0.3188301693175988,0.4474089276552078,0.23376090302719343,,,,,,,,,38980
317,318,WOLVERHAMPTON SOUTH WEST,West Midlands,0.5059699395982582,0.2747978247346136,0.21519876387133025,,,,,,,,0.004033471795797965,49833
318,319,AMBER VALLEY,East Midlands,0.4172633948497021,0.3528749684655838,0.2132502765325726,,,,,,,,0.01661136015214143,51531
319,320,BOLSOVER,East Midlands,0.2691114605022734,0.5633365911698466,0.16755194832788,,,,,,,,,47066
320,321,CHESTERFIELD,East Midlands,0.32427973603734106,0.4804643489457589,0.19525591501690004,,,,,,,,,49704
321,322,EREWASH,East Midlands,0.45342678005188813,0.2494955318535601,0.22216416834822716,,,,,,,,0.07491351974632458,55504
322,323,DERBY NORTH,East Midlands,0.43710802759485734,0.3683952649733459,0.1944967074317968,,,,,,,,,51024
323,324,DERBY SOUTH,East Midlands,0.38423901277332756,0.3933535397272137,0.2159774843039619,,,,,,,,0.00642996319549686,46190
324,325,HIGH PEAK,East Midlands,0.46392980731047784,0.2601024904033432,0.27596770228617895,,,,,,,,,52883
325,326,DERBYSHIRE NORTH EAST,East Midlands,0.3693784348633795,0.4081972288876848,0.22242433624893568,,,,,,,,,51676
326,327,DERBYSHIRE SOUTH,East Midlands,0.4379183287134068,0.2923399364478399,0.2697417348387533,,,,,,,,,59164
327,328,DERBYSHIRE WEST,East Midlands,0.5589647058823529,0.17054117647058822,0.27049411764705883,,,,,,,,,53125
328,329,BLABY,East Midlands,0.5872134799166487,0.12283538118847452,0.2797477904720845,,,,,,,,0.01020334842279227,55668
329,330,BOSWORTH,East Midlands,0.5540138577827548,0.19456886898096304,0.2514172732362822,,,,,,,,,57152
330,331,HARBOROUGH,East Midlands,0.6014490108767063,0.11469815314986495,0.2641068691145339,,,,,,,,0.01974596685889481,54796
331,332,LEICESTER EAST,East Midlands,0.3894117167766642,0.3704065835574024,0.21107308726472745,,,,,,,,0.0291086124012059,49092
332,333,LEICESTER SOUTH,East Midlands,0.40280519675860643,0.40267358565062894,0.17692293229548575,,,,,,,,0.01759828529527892,53187
333,334,LEICESTER WEST,East Midlands,0.4109191697821323,0.4477031498431524,0.1275192299428473,,,,,,,,0.01385845043186799,46542
334,335,LOUGHBOROUGH,East Midlands,0.5288678558427375,0.23436476155806335,0.22186021113942483,,,,,,,,0.014907171459774299,54940
335,336,LEICESTERSHIRE NORTH WEST,East Midlands,0.4458208793978897,0.32586697396377257,0.2168425222370269,,,,,,,,0.011469624401310814,55538
336,337,RUTLAND & MELTON,East Midlands,0.6034798700945262,0.11637062975125642,0.27049730573144404,,,,,,,,0.009652194422773373,55117
337,338,LINDSEY EAST,East Midlands,0.5322264476418238,0.08289881209079861,0.38487474026737756,,,,,,,,,51014
338,339,GAINSBOROUGH & HORNCASTLE,East Midlands,0.508957654723127,0.07718280765869548,0.40831810598236273,,,,,,,,0.005541431635814729,50348
339,340,GRANTHAM,East Midlands,0.5746509519492293,0.19359927470534904,0.23174977334542157,,,,,,,,,55150
340,341,HOLLAND WITH BOSTON,East Midlands,0.5527702732627663,0.1543469595641968,0.2928827671730369,,,,,,,,,45158
341,342,LINCOLN,East Midlands,0.4644197512694091,0.2751858120538671,0.2507726837883582,,,,,,,,0.00962175288836559,54356
342,343,STAMFORD & SPALDING,East Midlands,0.5652546173604599,0.10914502385126595,0.32560035878827415,,,,,,,,,49054
343,344,CORBY,East Midlands,0.425944862565445,0.3611542866492147,0.20257280759162305,,,,,,,,0.010328043193717277,48896
