,id,Constituency,Country/Region,Country,Con Vote,Labour Vote,Liberal Vote,SNP/PC Vote,Alliance Vote,DUP Vote,SDLP Vote,Sinn Fein Vote,UKUP Vote,UU Vote,Other Vote,Unnamed: 28
0,565,ABERAVON,Wales,Wales,0.07883102077134833,0.7132330450741039,0.11342212829852905,0.05805967244112004,,,,,,,0.03645413341489864,
1,570,ABERDEEN CENTRAL,Scotland,Scotland,0.1949685534591195,0.4982311320754717,0.13235624438454627,0.1619216082659479,,,,,,,0.012522461814914645,
2,571,ABERDEEN NORTH,Scotland,Scotland,0.15001952362358453,0.47869321879474164,0.14111675126903553,0.2181179226864506,,,,,,,0.012052583626187687,
3,572,ABERDEEN SOUTH,Scotland,Scotland,0.2637419999092188,0.35270754845445057,0.2763378875221279,0.09756706459080387,,,,,,,0.009645499523398847,
4,573,AIRDRIE & SHOTTS,Scotland,Scotland,0.08887593793254171,0.6182462786236371,0.04174255117651344,0.24399601758092324,,,,,,,0.0071392146863844975,
5,47,ALDERSHOT,South East,England,0.42693579065945225,0.24112204760761574,0.30466658048789497,,,,,,,,0.027275581245037026,
6,295,ALDRIDGE - BROWNHILLS,West Midlands,England,0.47133922794910504,0.4168643519516929,0.11179642009920207,,,,,,,,0.0,
7,435,ALTRINCHAM & SALE WEST,North West,England,0.43157854080568536,0.40251438723880884,0.12620215518906183,,,,,,,,0.039704916766443936,
8,530,ALYN & DEESIDE,Wales,Wales,0.22771049871269192,0.6187422523123868,0.09716792218937732,0.017593210641746924,,,,,,,0.03878611614379708,
9,324,AMBER VALLEY,East Midlands,England,0.3346417161113647,0.5466544956640803,0.07702418986764034,,,,,,,,0.04167959835691465,
10,574,ANGUS,Scotland,Scotland,0.24614634599312843,0.15630513511003807,0.09436809360200575,0.48268177175225185,,,,,,,0.020498653542575913,
11,575,ARGYLL & BUTE,Scotland,Scotland,0.18964165733482644,0.1566629339305711,0.40198768197088464,0.23174692049272116,,,,,,,0.01996080627099664,
12,110,ARUNDEL & SOUTH DOWNS,South East,England,0.530825720240762,0.1826363051989793,0.25743615715760565,,,,,,,,0.02910181740265306,
13,357,ASHFIELD,East Midlands,England,0.20257692231685867,0.6517202537398968,0.09647649348852835,,,,,,,,0.049226330454716125,
14,76,ASHFORD,South East,England,0.4141317321951749,0.31728578145910946,0.19714616414077477,,,,,,,,0.07143632220494087,
15,436,ASHTON UNDER LYNE,North West,England,0.1893824027072758,0.6751057529610829,0.09735617597292724,,,,,,,,0.03815566835871404,
16,15,AYLESBURY,South East,England,0.441776418667686,0.22168745873440596,0.29549640337769745,,,,,,,,0.04103971922021059,
17,576,AYR,Scotland,Scotland,0.3381892930556797,0.4843819823040486,0.04727857717401019,0.12568147287514522,,,,,,,0.004468674591116275,
18,93,BANBURY,South East,England,0.4290456147555008,0.3479964411593608,0.16700886288197653,,,,,,,,0.055949081203161895,
19,577,BANFF & BUCHAN,Scotland,Scotland,0.23804071880133407,0.11814923590024391,0.05968440440041814,0.5577430434566181,,,,,,,0.02638259744138583,
20,140,BARKING ,London,England,0.17601019293775028,0.658233224123286,0.09489139667516078,,,,,,,,0.07086518626380293,
21,386,BARNSLEY CENTRAL,Yorkshire and the Humber,England,0.0983691928189667,0.7699054405920241,0.09540907222146087,,,,,,,,0.03631629436754831,
22,387,BARNSLEY EAST & MEXBOROUGH,Yorkshire and the Humber,England,0.11390331141109958,0.7314872504903658,0.10358832352601823,,,,,,,,0.05102111457251644,
23,388,BARNSLEY WEST & PENISTONE,Yorkshire and the Humber,England,0.1836144806671721,0.5927075435936315,0.18036865049279757,,,,,,,,0.043309325246398786,
24,494,BARROW & FURNESS,North West,England,0.27229939871449305,0.5728799502384408,0.08840970350404313,,,,,,,,0.06641094754302301,
25,30,BASILDON,Eastern,England,0.30831543649448023,0.5584944048830112,0.08680908782638183,,,,,,,,0.046381070796126744,
26,48,BASINGSTOKE ,South East,England,0.4332475625339145,0.39128988779779095,0.17003623378669327,,,,,,,,0.005426315881601289,
27,358,BASSETLAW,East Midlands,England,0.24895314680944147,0.6103622841190809,0.10239370013124727,,,,,,,,0.03829086894023041,
28,214,BATH ,South West,England,0.31210061308785125,0.16351479004982497,0.48470984830243197,,,,,,,,0.03967474855989183,
29,401,BATLEY & SPEN,Yorkshire and the Humber,England,0.36350473757053126,0.4942616842329394,0.08800170339614606,,,,,,,,0.054231874800383266,
30,141,BATTERSEA,London,England,0.39426545983923034,0.5073527860413106,0.07346456526784395,,,,,,,,0.02491718885161508,
31,16,BEACONSFIELD,South East,England,0.49220135057070574,0.20045417421963707,0.21358140276090118,,,,,,,,0.09376307244875601,
32,142,BECKENHAM,London,England,0.4247286108555658,0.3335970561177553,0.1813799448022079,,,,,,,,0.06029438822447102,
33,1,BEDFORD,Eastern,England,0.336588754494933,0.5061703170970906,0.12348806799607714,,,,,,,,0.033752860411899316,
34,642,BELFAST EAST,Northern Ireland,Northern Ireland,,,,,0.23797688897998923,0.42634963744907634,0.01611622127136232,0.0207537984575572,,0.2532988290758154,0.04550462476619949,
35,643,BELFAST NORTH,Northern Ireland,Northern Ireland,,,,,0.05358004438869053,,0.20394673357135965,0.20204091479301362,,0.5181414648267876,0.022290842420148605,
36,644,BELFAST SOUTH,Northern Ireland,Northern Ireland,,,,,0.1294701651301793,,0.2431617870529835,0.05113463681491237,,0.35966467429845,0.21656873670347482,
37,645,BELFAST WEST,Northern Ireland,Northern Ireland,,,,,,,0.38690203770295306,0.5592677345537758,,0.03391086411681377,0.019919363626457447,
38,513,BERWICK-UPON-TWEED,North East,England,0.24055689783029927,0.2623017486783245,0.4546802861038681,,,,,,,,0.04246106738750807,
39,143,BETHNAL GREEN & BOW,London,England,0.21064410724676605,0.4632066604001611,0.11998120048341614,,,,,,,,0.20616803186965668,
40,368,BEVERLEY & HOLDERNESS,Yorkshire and the Humber,England,0.4116516310760915,0.3886034029918922,0.18440485706672757,,,,,,,,0.01534010886528872,
41,22,BEXHILL & BATTLE,South East,England,0.481079315834592,0.18096093399191737,0.25452096175041844,,,,,,,,0.08343878842307222,
42,144,BEXLEYHEATH & CRAYFORD,London,England,0.38419426414781327,0.4550110942911059,0.11179312776061216,,,,,,,,0.04900151380046865,
43,31,BILLERICAY,Eastern,England,0.3975640562973656,0.3730963551064598,0.15811981234211475,,,,,,,,0.07121977625405991,
44,478,BIRKENHEAD,North West,England,0.15212471072908984,0.7076011494545177,0.09022709355847723,,,,,,,,0.050047046257915215,
45,296,"BIRMINGHAM, EDGBASTON",West Midlands,England,0.386093056845146,0.48600020633446817,0.09679149901991127,,,,,,,,0.03111523780047457,
46,297,"BIRMINGHAM, ERDINGTON",West Midlands,England,0.2748781151780632,0.5881159205088228,0.10176454574702402,,,,,,,,0.03524141856609003,
47,298,"BIRMINGHAM, HALL GREEN",West Midlands,England,0.33362825509935673,0.5349721418493986,0.09646333006528134,,,,,,,,0.034936272985963315,
48,299,"BIRMINGHAM, HODGE HILL",West Midlands,England,0.24007965560664188,0.6559287785164143,0.08466336720648959,,,,,,,,0.019328198670454214,
49,300,"BIRMINGHAM, LADYWOOD",West Midlands,England,0.13302788529899676,0.7408168101745793,0.07952181583590068,,,,,,,,0.04663348869052321,
50,301,"BIRMINGHAM, NORTHFIELD",West Midlands,England,0.2798929132236724,0.5744587741653152,0.10497593121733982,,,,,,,,0.040672381393672616,
51,302,"BIRMINGHAM, PERRY BARR",West Midlands,England,0.2171421099657855,0.6302656525813412,0.09856822193649617,,,,,,,,0.054024015516377186,
52,303,"BIRMINGHAM, SELLY OAK",West Midlands,England,0.27760633036597426,0.5563006923837784,0.12108803165182987,,,,,,,,0.04500494559841741,
53,304,"BIRMINGHAM, SPARKBROOK & SMALL HEATH",West Midlands,England,0.17514665389680353,0.6426673051598228,0.09311624566024183,,,,,,,,0.0890697952831318,
54,305,"BIRMINGHAM, YARDLEY",West Midlands,England,0.17826236536374943,0.4704792653558102,0.329822425701961,,,,,,,,0.02143594357847937,
55,506,BISHOP AUCKLAND,North East,England,0.20184143666804194,0.659247356192048,0.0932227313196239,,,,,,,,0.045688475820286206,
56,334,BLABY,East Midlands,England,0.4583434403746758,0.3375440822495475,0.1492918851342526,,,,,,,,0.05482059224152408,
57,463,BLACKBURN,North West,England,0.24613117170228446,0.5503947783977261,0.10506369091483314,,,,,,,,0.09841035898515633,
58,464,BLACKPOOL NORTH & FLEETWOOD,North West,England,0.3554550867009005,0.5218984892461115,0.0855845798913448,,,,,,,,0.03706184416164322,
59,465,BLACKPOOL SOUTH,North West,England,0.3440981690689521,0.5703544994156603,0.08554733151538761,,,,,,,,0.0,
60,541,BLAENAU GWENT,Wales,Wales,0.06578349735049205,0.7946757506939187,0.08725712843805199,0.05228362351753722,,,,,,,0.0,
61,517,BLAYDON,North East,England,0.13169297768100163,0.5995645073489385,0.23799673380511704,,,,,,,,0.03074578116494284,
62,514,BLYTH VALLEY,North East,England,0.1333741349277341,0.6420601666588202,0.2245656984134457,,,,,,,,0.0,
63,111,BOGNOR REGIS & LITTLEHAMPTON,South East,England,0.442197963094546,0.28456387399608124,0.24014383222444718,,,,,,,,0.03309433068492561,
64,325,BOLSOVER,East Midlands,England,0.1671236343695955,0.7397182266841017,0.09315813894630277,,,,,,,,,
65,437,BOLTON NORTH EAST,North West,England,0.303859207023391,0.5613225760562521,0.09880708029345418,,,,,,,,0.036011136626902675,
66,438,BOLTON SOUTH EAST,North West,England,0.1971210408544603,0.688735610971418,0.0877759579229048,,,,,,,,0.026367390251216868,
67,439,BOLTON WEST,North West,England,0.35130187144019526,0.4951586655817738,0.10799430431244915,,,,,,,,0.04554515866558177,
68,479,BOOTLE,North West,England,0.0849488527849724,0.8285063966721607,0.057321507992569916,,,,,,,,0.02922324255029694,
69,344,BOSTON & SKEGNESS,East Midlands,England,0.42405634044745993,0.4101644694464723,0.16577919010606776,,,,,,,,0.0,
70,335,BOSWORTH,East Midlands,England,0.40628535271221217,0.3865932928115353,0.17795716449676913,,,,,,,,0.029164189979483442,
71,240,BOURNEMOUTH EAST,South West,England,0.4143718916927611,0.211387916743415,0.3143995210904402,,,,,,,,0.05984067047338368,
72,241,BOURNEMOUTH WEST,South West,England,0.4167072458122322,0.24573918971562134,0.2776830931047916,,,,,,,,0.05987047136735489,
73,7,BRACKNELL,South East,England,0.4735577329881031,0.2977780034184563,0.1543720701968151,,,,,,,,0.07429219339662554,
74,402,BRADFORD NORTH,Yorkshire and the Humber,England,0.25594939730278077,0.5607590404582886,0.14519632414369257,,,,,,,,0.0380952380952381,
75,403,BRADFORD SOUTH,Yorkshire and the Humber,England,0.2801278352345865,0.5672244662435084,0.11303209197034933,,,,,,,,0.03961560655155577,
76,404,BRADFORD WEST,Yorkshire and the Humber,England,0.3303853581460674,0.41546699438202245,0.14784497893258428,,,,,,,,0.10630266853932584,
77,32,BRAINTREE,Eastern,England,0.4008564848135886,0.4269648769252915,0.11548150280696703,,,,,,,,0.05669713545415287,
78,558,BRECON & RADNORSHIRE,Wales,Wales,0.2896154474009468,0.2664116974883981,0.4084792798675404,0.014505258739301788,,,,,,,0.020988316503812877,
79,145,BRENT EAST,London,England,0.22300975277840782,0.6732819233386256,0.0779938761623951,,,,,,,,0.02571444772057156,
80,146,BRENT NORTH,London,England,0.4014250537014722,0.5067061350657516,0.08131188767223765,,,,,,,,0.010556923560538587,
81,147,BRENT SOUTH,London,England,0.15911067308249754,0.7298973853556728,0.07739579106035133,,,,,,,,0.03359615050147834,
82,148,BRENTFORD & ISLEWORTH,London,England,0.3175380778480449,0.574490068584662,0.08217689498530328,,,,,,,,0.025794958581989845,
83,33,BRENTWOOD & ONGAR,Eastern,England,0.4540275204037377,0.2214051965461499,0.2630012222528881,,,,,,,,0.061566060797224306,
84,551,BRIDGEND,Wales,Wales,0.22808071935461502,0.5805459883035529,0.11483784471001594,0.03811747301264418,,,,,,,0.038417974619172006,
85,254,BRIDGWATER,South West,England,0.3693383618322288,0.24750100692028854,0.3364578375013731,,,,,,,,0.046702793746109625,
86,369,BRIGG & GOOLE,Yorkshire and the Humber,England,0.3654544677577881,0.5019657279603436,0.10025212597752232,,,,,,,,0.03232767830434597,
87,23,"BRIGHTON, KEMPTOWN",South East,England,0.3889924564293766,0.46559871672591696,0.0970692794589439,,,,,,,,0.04833954738576259,
88,24,"BRIGHTON, PAVILION",South East,England,0.2769299912157055,0.5461992604849748,0.0948703805846663,,,,,,,,0.08200036771465342,
89,215,BRISTOL EAST,South West,England,0.23358436546959607,0.5688263728968279,0.14773552415924981,,,,,,,,0.04985373747432626,
90,216,BRISTOL NORTH WEST,South West,England,0.2931124988686759,0.4991401936826862,0.1314689112136845,,,,,,,,0.07627839623495339,
91,217,BRISTOL SOUTH,South West,England,0.21183738141559197,0.5994905633887563,0.13419843959967107,,,,,,,,0.054473615595980664,
92,218,BRISTOL WEST,South West,England,0.3284589965038872,0.3522932264810587,0.2801839051100717,,,,,,,,0.03906387190498236,
93,149,BROMLEY & CHISLEHURST,London,England,0.46319541886305887,0.2523796882703174,0.237589593841253,,,,,,,,0.0468352990253707,
94,265,BROMSGROVE,West Midlands,England,0.47113305394492605,0.3784182023460972,0.11864439213885221,,,,,,,,0.031804351570124574,
95,64,BROXBOURNE,Eastern,England,0.4885899182561308,0.3469644073569482,0.11303644414168937,,,,,,,,0.051409230245231606,
96,359,BROXTOWE,East Midlands,England,0.3744259249703287,0.4703201059566197,0.11927000017200749,,,,,,,,0.035983968901044085,
97,17,BUCKINGHAM,South East,England,0.497874407870764,0.24713551155917243,0.2464674683185554,,,,,,,,0.008522612251508159,
98,466,BURNLEY,North West,England,0.20218808708144545,0.5792905293402586,0.17409658525803956,,,,,,,,0.044424798320256385,
99,278,BURTON,West Midlands,England,0.39404890755994204,0.5101722588101484,0.08469850121993726,,,,,,,,0.0110803324099723,
100,440,BURY NORTH,North West,England,0.37522024231195394,0.5181007392875956,0.08239333006375674,,,,,,,,0.02428568833669373,
101,441,BURY SOUTH,North West,England,0.3230973837786335,0.5688594227639049,0.08390567311127874,,,,,,,,0.02413752034618286,
102,133,BURY ST EDMUNDS,Eastern,England,0.38343088698784333,0.37680324178298064,0.1819360648356596,,,,,,,,0.05782980639351643,
103,547,CAERNARFON,Wales,Wales,0.12257316719791365,0.29461025789626194,0.04885540423065778,0.5104607360185454,,,,,,,0.02350043465662127,
104,552,CAERPHILLY,Wales,Wales,0.10731405597649606,0.6781020124146767,0.0822638008350085,0.09682122423733681,,,,,,,0.03549890653648192,
105,578,"CAITHNESS, SUTHERLAND & EASTER ROSS",Scotland,Scotland,0.10791169614699027,0.2784176607706019,0.35585492938434116,0.23001508295625941,,,,,,,0.027800630741807213,
106,405,CALDER VALLEY,Yorkshire and the Humber,England,0.3505649417348493,0.46133956717316615,0.14738072468388055,,,,,,,,0.040714766408103994,
107,150,CAMBERWELL & PECKHAM,London,England,0.11570451822090647,0.695495876506661,0.1127088179319095,,,,,,,,0.07609078734052302,
108,118,CAMBRIDGE,Eastern,England,0.25904283293402675,0.5344085393170884,0.16141724614815248,,,,,,,,0.045131381600732386,
109,279,CANNOCK CHASE,West Midlands,England,0.27168391704541117,0.5481610205094909,0.08664018638047588,,,,,,,,0.09351487606462208,
110,77,CANTERBURY,South East,England,0.38649762516402075,0.31323809347797965,0.23755752277809605,,,,,,,,0.06270675857990353,
111,560,CARDIFF CENTRAL,Wales,Wales,0.20045913899604761,0.4369867228362483,0.2494734101720588,0.035595105672969966,,,,,,,0.07748562232267531,
112,561,CARDIFF NORTH,Wales,Wales,0.33686685365451247,0.5044547104438212,0.10918165319254249,0.02476901501402409,,,,,,,0.02472776769509982,
113,562,CARDIFF SOUTH & PENARTH,Wales,Wales,0.20711928335690713,0.5338755304101839,0.09344648750589345,0.031966053748231964,,,,,,,0.1335926449787836,
114,563,CARDIFF WEST,Wales,Wales,0.21523450108002085,0.603247510986419,0.10839933460784071,0.04838989994289545,,,,,,,0.024728753382823945,
115,495,CARLISLE,North West,England,0.28988465154677,0.5740133464810696,0.10493728071181233,,,,,,,,0.03116472126034811,
116,536,CARMARTHEN EAST & DINEFWR,Wales,Wales,0.1203393079651107,0.42909517875970477,0.07548164478098342,0.346424805904342,,,,,,,0.0286590625898591,
117,537,CARMARTHEN WEST & SOUTH PEMBROKESHIRE,Wales,Wales,0.26582397223329657,0.4914518890269928,0.0824558523486785,0.12668558429680354,,,,,,,0.03358270209422856,
118,579,"CARRICK, CUMNOCK & DOON VALLEY",Scotland,Scotland,0.16953082101238534,0.597872729861097,0.05314107909133432,0.16656159118179414,,,,,,,0.012893778853389192,
119,151,CARSHALTON & WALLINGTON,London,England,0.335026743489664,0.23883278607273403,0.38184333890919603,,,,,,,,0.04429713152840592,
120,34,CASTLE POINT,Eastern,England,0.40090637552786074,0.42445153980842515,0.09222370995983109,,,,,,,,0.082418374703883,
121,580,CENTRAL FIFE,Scotland,Scotland,0.09000367962713111,0.586581626395192,0.06402551208144242,0.25019011406844105,,,,,,,0.00919906782779345,
122,134,CENTRAL SUFFOLK & NORTH IPSWICH,Eastern,England,0.4258182988470931,0.3588398992862957,0.20608447077977396,,,,,,,,0.009257331086837173,
123,538,CEREDIGION,Wales,Wales,0.1488826954660827,0.24304484148708505,0.16463444980839098,0.41626437067635497,,,,,,,0.0271736425620863,
124,336,CHARNWOOD,East Midlands,England,0.46481405657522296,0.35978138963559003,0.1286027094867641,,,,,,,,0.046801844302422874,
125,78,CHATHAM & AYLESFORD,South East,England,0.3743007668680458,0.4310530705233824,0.15030206871300422,,,,,,,,0.04434409389556763,
126,442,CHEADLE,North West,England,0.4373367897375293,0.1573108667060595,0.3765510931513638,,,,,,,,0.028801250405047368,
127,248,CHELTENHAM,South West,England,0.36244359183348906,0.1013856032443393,0.4945430690018488,,,,,,,,0.041627735920322845,
128,18,CHESHAM & AMERSHAM,South East,England,0.503822058739008,0.19617985707990881,0.2383087150602525,,,,,,,,0.0616893691208307,
129,424,"CHESTER, CITY OF",North West,England,0.3422329665641609,0.5298185114741276,0.09515260323159784,,,,,,,,0.03279591873011359,
130,326,CHESTERFIELD,East Midlands,England,0.09247115141372668,0.5079880908365604,0.3956099554379342,,,,,,,,0.003930802311778786,
131,112,CHICHESTER,South East,England,0.4642428153964754,0.17219742196884133,0.2897326951003066,,,,,,,,0.07382706753437673,
132,152,CHINGFORD & WOODFORD GREEN,London,England,0.47491450683945285,0.3463597912167027,0.1549001079913607,,,,,,,,0.023825593952483803,
133,153,CHIPPING BARNET,London,England,0.4300817108846969,0.4092000403510542,0.12349440129123374,,,,,,,,0.037223847473015235,
134,467,CHORLEY,North West,England,0.3593560461650435,0.5303954528125325,0.08491318060513638,,,,,,,,0.02533532041728763,
135,242,CHRISTCHURCH,South West,England,0.4643321055534796,0.06911155002758056,0.42580828840370827,,,,,,,,0.040748056015231585,
136,154,CITIES OF LONDON & WESTMINSTER,London,England,0.47269331341053417,0.35113933507657824,0.12284896027891919,,,,,,,,0.05331839123396837,
137,370,CLEETHORPES,Yorkshire and the Humber,England,0.33447585837972776,0.516276028767856,0.11384304479622769,,,,,,,,0.035405068056188455,
138,531,CLWYD SOUTH ,Wales,Wales,0.23083563974303634,0.5814945534875454,0.09354289922047584,0.06347916613767361,,,,,,,0.03064774141126882,
139,532,CLWYD WEST ,Wales,Wales,0.32466403358422136,0.3705690935737884,0.12795290260078993,0.13465981071614874,,,,,,,0.04215415952505154,
140,581,CLYDEBANK & MILNGAVIE,Scotland,Scotland,0.12498081154377526,0.5521926009312798,0.10453870951235737,0.2114056183799826,,,,,,,0.006882259632605025,
141,582,CLYDESDALE,Scotland,Scotland,0.16286444111688542,0.5253897648198714,0.08359024046507531,0.22130714348630318,,,,,,,0.006848410111864705,
142,583,COATBRIDGE & CHRYSTON,Scotland,Scotland,0.08551144672817676,0.6831875348985615,0.05445505065276928,0.1702252120503071,,,,,,,0.006620755670185328,
143,35,COLCHESTER,Eastern,England,0.31352151674806755,0.30556089681959775,0.34392185517055723,,,,,,,,0.036995731261777486,
144,406,COLNE VALLEY,Yorkshire and the Humber,England,0.3269752353264434,0.41277410434135187,0.226108383116768,,,,,,,,0.03414227721543671,
145,425,CONGLETON,North West,England,0.4120708375453967,0.2754315024897974,0.29731551162529485,,,,,,,,0.015182148339511026,
146,548,CONWY,Wales,Wales,0.2426612127045236,0.3503609239653513,0.31195861405197306,0.06843118383060635,,,,,,,0.026588065447545717,
147,496,COPELAND,North West,England,0.2918327415030075,0.5816121941203469,0.09213228011691668,,,,,,,,0.034422784259728965,
148,351,CORBY,East Midlands,England,0.33411790870507996,0.5539225679707915,0.07496710343421613,,,,,,,,0.03699241988991234,
149,249,COTSWOLD,South West,England,0.46356683163474893,0.22706911054165607,0.22951428962657225,,,,,,,,0.07984976819702275,
150,306,COVENTRY NORTH EAST,West Midlands,England,0.193137152958303,0.6624935010918166,0.08039929291878964,,,,,,,,0.06397005303109078,
151,307,COVENTRY NORTH WEST,West Midlands,England,0.26324509406870145,0.5688487169102757,0.10474577519237141,,,,,,,,0.06316041382865137,
152,308,COVENTRY SOUTH,West Midlands,England,0.29043970952038944,0.508957784693959,0.09211156332295906,,,,,,,,0.10849094246269252,
153,113,CRAWLEY,South East,England,0.31820616062042567,0.5504095840688656,0.08213499414879902,,,,,,,,0.049249261161909676,
154,426,CREWE & NANTWICH,North West,England,0.2699733227941903,0.5821559134472878,0.11737970556269144,,,,,,,,0.03049105819583045,
155,480,CROSBY,North West,England,0.348134387530867,0.5108402618880405,0.11508574794408827,,,,,,,,0.025939602637004146,
156,155,CROYDON CENTRAL,London,England,0.38593881610781555,0.4557787773974444,0.10862201831574042,,,,,,,,0.04966038817899962,
157,156,CROYDON NORTH,London,England,0.2715598424747446,0.62157791602458,0.07735479329566425,,,,,,,,0.029507448205011128,
158,157,CROYDON SOUTH,London,England,0.47323751360726213,0.2531227513422757,0.21109245558036127,,,,,,,,0.06254727947010093,
159,584,CUMBERNAULD & KILSYTH,Scotland,Scotland,0.06776038196757717,0.5868587608261159,0.0379746835443038,0.2779535864978903,,,,,,,0.029452587164112812,
160,585,CUNNINGHAME NORTH,Scotland,Scotland,0.23455469376838728,0.5029541199640156,0.05521651389530501,0.1843954387415206,,,,,,,0.022879233630771476,
161,586,CUNNINGHAME SOUTH,Scotland,Scotland,0.10075047962983862,0.627271188353459,0.04525448594966708,0.20776436068163864,,,,,,,0.01895948538539668,
162,553,CYNON VALLEY,Wales,Wales,0.06762013045299503,0.6973550356052899,0.10349470408712824,0.10627730237568069,,,,,,,0.02525282747890611,
163,158,DAGENHAM,London,England,0.1854105024472527,0.6569974836158504,0.07477255758648342,,,,,,,,0.0828194563504134,
164,507,DARLINGTON,North East,England,0.28300085109916345,0.6156560729039088,0.07230191185934029,,,,,,,,0.029041164137587446,
165,79,DARTFORD,South East,England,0.4025826783758335,0.4857510713119007,0.09362209112396472,,,,,,,,0.01804415918830108,
166,352,DAVENTRY,East Midlands,England,0.4634008097165992,0.343919028340081,0.14952226720647774,,,,,,,,0.0431578947368421,
167,533,DELYN,Wales,Wales,0.26034558931814833,0.5718914142653773,0.1021059349074665,0.0382406361985175,,,,,,,0.027416425310490402,
168,443,DENTON & REDDISH,North West,England,0.21321933859907993,0.6539579897578335,0.13282267164308653,,,,,,,,0.0,
169,327,DERBY NORTH,East Midlands,England,0.342500400762339,0.5315711664855814,0.09010918547281051,,,,,,,,0.03581924727926901,
170,328,DERBY SOUTH,East Midlands,England,0.25179953298983,0.5626121692815377,0.1435380844863853,,,,,,,,0.04205021324224705,
171,259,DEVIZES,South West,England,0.4282430541674995,0.24237124392031448,0.2653074821773603,,,,,,,,0.06407821973482578,
172,407,DEWSBURY,Yorkshire and the Humber,England,0.3009402205455601,0.49416134648868254,0.10265815438189205,,,,,,,,0.10224027858386535,
173,389,DON VALLEY,Yorkshire and the Humber,England,0.2460454117593039,0.582592924214248,0.09729779369561724,,,,,,,,0.07406387033083087,
174,390,DONCASTER CENTRAL,Yorkshire and the Humber,England,0.20959944751381215,0.6206491712707183,0.09417587476979743,,,,,,,,0.0755755064456722,
175,391,DONCASTER NORTH,Yorkshire and the Humber,England,0.14806458082631369,0.6980294825511432,0.08446149217809867,,,,,,,,0.06944444444444445,
176,80,DOVER,South East,England,0.32833948339483393,0.5449261992619926,0.07937269372693727,,,,,,,,0.047361623616236165,
177,309,DUDLEY NORTH,West Midlands,England,0.31404785809906294,0.5118599397590361,0.08239206827309237,,,,,,,,0.09170013386880857,
178,310,DUDLEY SOUTH,West Midlands,England,0.2942883386914951,0.5662394054527995,0.10884722976076155,,,,,,,,0.030625026094943844,
179,159,DULWICH & WEST NORWOOD,London,England,0.24198180423106433,0.6096021045708648,0.10777156637071139,,,,,,,,0.04064452482735942,
180,587,DUMBARTON,Scotland,Scotland,0.17649767351686702,0.49607405971306706,0.07619232260566111,0.23233326870880186,,,,,,,0.01890267545560295,
181,588,DUMFRIES,Scotland,Scotland,0.280352131160781,0.47505401094352573,0.11078805500030287,0.1206816483938054,,,,,,,0.013124154501584995,
182,589,DUNDEE EAST,Scotland,Scotland,0.15784149230161865,0.5112021318594552,0.041378799842084486,0.2654214370311883,,,,,,,0.024156138965653374,
183,590,DUNDEE WEST,Scotland,Scotland,0.13154843198392044,0.5379184167804778,0.07658412142139305,0.23232921895534311,,,,,,,0.02161981085886567,
184,591,DUNFERMLINE EAST,Scotland,Scotland,0.09993712926769265,0.6680972036191674,0.05915315857092092,0.1555367247081978,,,,,,,0.017275783834021268,
185,592,DUNFERMLINE WEST,Scotland,Scotland,0.12642037657133448,0.53076796398968,0.13621891639677225,0.19168908162705164,,,,,,,0.014903661415161662,
186,508,"DURHAM, CITY OF",North East,England,0.17498727994301413,0.6329907397985143,0.15262033173908618,,,,,,,,0.039401648519385365,
187,161,EALING NORTH ,London,England,0.37224993719269284,0.5366256325593081,0.06975200086135735,,,,,,,,0.021372429386641783,
188,162,EALING SOUTHALL,London,England,0.2080450935178068,0.6001061454558765,0.10407744958090846,,,,,,,,0.0877713114454083,
189,160,"EALING, ACTON & SHEPHERD'S BUSH",London,England,0.25804706518799025,0.5836749131312291,0.10742597948440523,,,,,,,,0.05085204219637544,
190,509,EASINGTON,North East,England,0.08564267812388113,0.8020050125313283,0.07220432032462108,,,,,,,,0.04014798902016947,
191,646,EAST ANTRIM,Northern Ireland,Northern Ireland,,,,,0.20173523160683612,0.19454391941072,0.045884647858619385,0.015809240981745132,,0.38774856610475444,0.15427839403732496,
192,229,EAST DEVON,South West,England,0.4338566942620611,0.17683889999048436,0.2912360833571225,,,,,,,,0.0980683223903321,
193,163,EAST HAM,London,England,0.16097169645767004,0.6462683947955576,0.06515580736543909,,,,,,,,0.1276041013813332,
194,49,EAST HAMPSHIRE,South East,England,0.48043971924029727,0.17108794384805945,0.28105216074869255,,,,,,,,0.06742017616295073,
195,593,EAST KILBRIDE,Scotland,Scotland,0.12015329125338142,0.5652922370686122,0.07228051479629478,0.2090335273383064,,,,,,,0.0332404295434052,
196,647,EAST LONDONDERRY,Northern Ireland,Northern Ireland,,,,,0.06369744370374258,0.25625951393627633,0.2171277098315049,0.090887617447903,,0.3558343394047557,0.016193375675817544,
197,594,EAST LOTHIAN,Scotland,Scotland,0.19939215325105913,0.5268235402468227,0.10533707865168539,0.15714219930005527,,,,,,,0.011305028550377601,
198,99,EAST SURREY,South East,England,0.5011160714285714,0.21174253512880561,0.22497072599531617,,,,,,,,0.062170667447306795,
199,114,EAST WORTHING & SHOREHAM,South East,England,0.40458414939207665,0.23919408947235743,0.3057263084411177,,,,,,,,0.05049545269444822,
200,371,EAST YORKSHIRE,Yorkshire and the Humber,England,0.42686487921422883,0.3587225092401625,0.1852116558779686,,,,,,,,0.02920095566764003,
201,25,EASTBOURNE,South East,England,0.4211935367497674,0.124859969240701,0.38333301687964,,,,,,,,0.07061347712989158,
202,50,EASTLEIGH,South East,England,0.33695534652394854,0.2681911558006271,0.35054240098028616,,,,,,,,0.04431109669513821,
203,595,EASTWOOD,Scotland,Scotland,0.33548955063921,0.397420194442318,0.1169333231263875,0.13063614789864503,,,,,,,0.019520783893439485,
204,444,ECCLES,North West,England,0.18717443641934778,0.6668417596848326,0.10735390676296783,,,,,,,,0.03862989713285183,
205,427,EDDISBURY,North West,England,0.4252173913043478,0.40125379170879677,0.13225480283114258,,,,,,,,0.04127401415571284,
206,596,EDINBURGH CENTRAL,Scotland,Scotland,0.21188721188721188,0.47092547092547093,0.13115713115713115,0.15795015795015796,,,,,,,0.02808002808002808,
207,597,EDINBURGH EAST & MUSSELBURGH,Scotland,Scotland,0.15392468778194596,0.5357329407854124,0.10710385108504678,0.19074979818604873,,,,,,,0.012488722161546133,
208,598,EDINBURGH NORTH & LEITH,Scotland,Scotland,0.1785810233239712,0.4691415313225058,0.13029673952863596,0.20102576627182805,,,,,,,0.020954939553058983,
209,599,EDINBURGH PENTLANDS,Scotland,Scotland,0.3238380481832889,0.4301298587731188,0.10001748939705303,0.1301211140745923,,,,,,,0.015893489571947007,
210,600,EDINBURGH SOUTH,Scotland,Scotland,0.21278825995807127,0.46819661893929254,0.17643516659975914,0.12915384272269056,,,,,,,0.01342611178018645,
211,601,EDINBURGH WEST,Scotland,Scotland,0.27975478154983097,0.18786084692742122,0.43202956058029435,0.0883878146585207,,,,,,,0.011966996283932732,
212,164,EDMONTON,London,England,0.3023551451893483,0.6028145769213613,0.06349524956510103,,,,,,,,0.0313350283241893,
213,428,ELLESMERE PORT & NESTON,North West,England,0.29060365656450354,0.5956661529973556,0.08890284040104256,,,,,,,,0.02482735003709834,
214,408,ELMET,Yorkshire and the Humber,England,0.36175247250207965,0.5240410389130233,0.08671781125797208,,,,,,,,0.027488677326924855,
215,165,ELTHAM,London,England,0.3115040987381413,0.5459611310675141,0.0852215160725799,,,,,,,,0.05731325412176476,
216,166,ENFIELD NORTH,London,England,0.3634647255029474,0.5065766011453985,0.08945016677505296,,,,,,,,0.04050850657660115,
217,167,"ENFIELD, SOUTHGATE",London,England,0.41125652762555603,0.4420518771624439,0.10671996217737949,,,,,,,,0.03997163303462059,
218,36,EPPING FOREST,Eastern,England,0.4549776444620522,0.3558963910426925,0.13345407210368443,,,,,,,,0.05567189239157092,
219,100,EPSOM & EWELL,South East,England,0.45619313043317766,0.243480186781344,0.228493383289345,,,,,,,,0.07183329949613333,
220,329,EREWASH,East Midlands,England,0.36562365341907255,0.5170207829228678,0.08586628658556797,,,,,,,,0.031489277072491634,
221,168,ERITH & THAMESMEAD,London,England,0.2016976458989588,0.6206747300839205,0.12025392550556664,,,,,,,,0.05737369851155409,
222,101,ESHER & WALTON,South East,England,0.4983882087688896,0.22768181564089665,0.20379376525611642,,,,,,,,0.07013621033409731,
223,230,EXETER,South West,England,0.2859983188930557,0.4752036725720936,0.18020173283331178,,,,,,,,0.05859627570153886,
224,602,FALKIRK EAST,Scotland,Scotland,0.13975573400009617,0.5612347934798289,0.051762273404818,0.2394335721498293,,,,,,,0.007813626965427705,
225,603,FALKIRK WEST,Scotland,Scotland,0.12090174615585092,0.5934844930935627,0.05134219442272609,0.2342715663278603,,,,,,,0.0,
226,224,FALMOUTH & CAMBORNE,South West,England,0.28831667661097854,0.33843600835322196,0.25193914081145585,,,,,,,,0.12130817422434367,
227,51,FAREHAM,South East,England,0.4683289572033655,0.26981236943480846,0.19614006171301532,,,,,,,,0.06571861164881078,
228,81,FAVERSHAM & MID KENT,South East,England,0.44381728016772165,0.35969439180744267,0.12373503205257429,,,,,,,,0.07275329597226142,
229,169,FELTHAM & HESTON,London,England,0.26947083932133586,0.5970699899187062,0.09146092962398919,,,,,,,,0.04199824113596877,
230,648,FERMANAGH & SOUTH TYRONE,Northern Ireland,Northern Ireland,,,,,0.02023193207703458,,0.22903292607165043,0.23139366328432387,,0.5148477945744461,0.00449368399254504,
231,170,FINCHLEY & GOLDERS GREEN,London,England,0.3973879855285652,0.4607800262394148,0.11271021349342027,,,,,,,,0.029121774738599768,
232,82,FOLKESTONE & HYTHE,South East,England,0.39025936599423633,0.2485878962536023,0.2686071085494717,,,,,,,,0.09254562920268972,
233,250,FOREST OF DEAN,South West,England,0.35589032360911843,0.4822851904989638,0.12284791965566715,,,,,,,,0.0389765662362506,
234,649,FOYLE,Northern Ireland,Northern Ireland,,,,,0.01708668827773711,0.21520443375509776,0.5251280978772351,0.2393600334623026,,,0.0032207466276273134,
235,468,FYLDE,North West,England,0.4886588434132944,0.3165152591852805,0.14613862907407763,,,,,,,,0.048687268327347454,
236,345,GAINSBOROUGH,East Midlands,England,0.43085195413842164,0.28803665578709514,0.2811113900744832,,,,,,,,0.0,
237,604,GALLOWAY & UPPER NITHSDALE,Scotland,Scotland,0.3052263315721834,0.1632871626445809,0.06425817506782808,0.4390737303060593,,,,,,,0.028154600409348373,
238,518,GATESHEAD EAST & WASHINGTON WEST,North East,England,0.14152410575427682,0.7206657227083866,0.10728627469185952,,,,,,,,0.030523896845477124,
239,360,GEDLING,East Midlands,England,0.3946783222145541,0.4675638371290545,0.09930220075147611,,,,,,,,0.03845563990491527,
240,83,GILLINGHAM,South East,England,0.35923287887457334,0.39829923248426496,0.19037941716157292,,,,,,,,0.05208847147958882,
241,605,GLASGOW ANNIESLAND,Scotland,Scotland,0.11455473892381711,0.6184066826057439,0.07240473449629564,0.1711089465450574,,,,,,,0.023524897429085864,
242,606,GLASGOW BAILLIESTON,Scotland,Scotland,0.07748092801305999,0.6569239946001947,0.03820676231438169,0.19103381157190846,,,,,,,0.036354503500455215,
243,607,GLASGOW CATHCART,Scotland,Scotland,0.12722371967654986,0.5737646001796946,0.06894279724468404,0.18547469302186284,,,,,,,0.04459418987720874,
244,608,GLASGOW GOVAN,Scotland,Scotland,0.08804465808652505,0.44087455419444876,0.05948209024654985,0.35050395410141105,,,,,,,0.06109474337106528,
245,609,GLASGOW KELVIN,Scotland,Scotland,0.10837875911067557,0.5096772217798738,0.14175904942732898,0.21369510626569485,,,,,,,0.026489863416426777,
246,610,GLASGOW MARYHILL,Scotland,Scotland,0.05877998721442751,0.6494061438040443,0.07129638975808351,0.1694761279903099,,,,,,,0.05104135123313482,
247,611,GLASGOW POLLOK,Scotland,Scotland,0.06033168709225047,0.5991402963233949,0.034662520578013535,0.17870861532833363,,,,,,,0.12715688067800743,
248,612,GLASGOW RUTHERGLEN,Scotland,Scotland,0.09256496157202782,0.5751527265561217,0.14546324709326877,0.15267025140057994,,,,,,,0.03414881337800175,
249,613,GLASGOW SHETTLESTON,Scotland,Scotland,0.055346287248722634,0.7315854249804199,0.03957035766232798,0.13978294111065528,,,,,,,0.03371498899787417,
250,614,GLASGOW SPRINGBURN,Scotland,Scotland,0.0599486968363049,0.7136206732748519,0.0427209677930139,0.16493017069385946,,,,,,,0.01877949140196979,
251,251,GLOUCESTER,South West,England,0.35715025727803296,0.4997582622509238,0.10479331422453983,,,,,,,,0.03829816624650344,
252,615,GORDON,Scotland,Scotland,0.2604331873594508,0.10297076577109718,0.4260622558882708,0.1996685998342999,,,,,,,0.010865191146881288,
253,52,GOSPORT,South East,England,0.4360459104539344,0.30662806328197706,0.19602936614621033,,,,,,,,0.06129666011787819,
254,566,GOWER,Wales,Wales,0.23781613439172974,0.5379592025106147,0.12977662913051505,0.05136606978032121,,,,,,,0.043081964186819276,
255,346,GRANTHAM & STAMFORD,East Midlands,England,0.4280158580328488,0.37719463847460827,0.12482537285255806,,,,,,,,0.0699641306399849,
256,84,GRAVESHAM,South East,England,0.3883537077723321,0.4968734155822207,0.07751675961917638,,,,,,,,0.03725611702627082,
257,372,GREAT GRIMSBY,Yorkshire and the Humber,England,0.22092537590495637,0.5978513087061444,0.18122331538889921,,,,,,,,0.0,
258,125,GREAT YARMOUTH,Eastern,England,0.3562938565086639,0.5336224708987132,0.1100836725926229,,,,,,,,0.0,
259,616,GREENOCK & INVERCLYDE,Scotland,Scotland,0.11462507567676651,0.5615936806296307,0.1381209098509528,0.18566033384265,,,,,,,0.0,
260,171,GREENWICH & WOOLWICH,London,England,0.18567928124149197,0.6343588347399945,0.12496596787367274,,,,,,,,0.05499591614484073,
261,102,GUILDFORD,South East,England,0.42540117279398854,0.1746023385652586,0.3412865620281611,,,,,,,,0.05870992661259174,
262,172,HACKNEY NORTH & STOKE NEWINGTON,London,England,0.16932246309678217,0.6519053795318387,0.10209375579025384,,,,,,,,0.07667840158112532,
263,173,HACKNEY SOUTH & SHOREDITCH,London,England,0.13310822818553403,0.5938036846158403,0.14981339968011373,,,,,,,,0.12327468751851194,
264,311,HALESOWEN & ROWLEY REGIS,West Midlands,England,0.328725825967474,0.5407190172473904,0.08549865671335699,,,,,,,,0.04505650007177867,
265,409,HALIFAX,Yorkshire and the Humber,England,0.32148508584539914,0.543258960360788,0.11984729804573147,,,,,,,,0.015408655748081335,
266,373,HALTEMPRICE & HOWDEN,Yorkshire and the Humber,England,0.44014127144298687,0.23614530776992937,0.28849646821392533,,,,,,,,0.035216952573158426,
267,429,HALTON,North West,England,0.17657913094354058,0.7087693242422197,0.07342649474560634,,,,,,,,0.04122505006863341,
268,617,HAMILTON NORTH & BELLSHILL,Scotland,Scotland,0.10379220505802784,0.6400694755125135,0.05063291139240506,0.19092607700202638,,,,,,,0.014579331035027237,
269,618,HAMILTON SOUTH,Scotland,Scotland,0.08636789459369618,0.656039406485147,0.05116194735728748,0.17621105436523526,,,,,,,0.03021969719863407,
270,174,HAMMERSMITH & FULHAM,London,England,0.3964757709251101,0.4675896790434235,0.08751341946470217,,,,,,,,0.04842113056676415,
271,175,HAMPSTEAD & HIGHGATE,London,England,0.2723308578047285,0.5740273897935545,0.12448047966205628,,,,,,,,0.029161272739660692,
272,337,HARBOROUGH,East Midlands,England,0.41824664666930783,0.25151395098760543,0.29516856264266983,,,,,,,,0.035070839700416925,
273,37,HARLOW,Eastern,England,0.3209863632560863,0.5408893164895842,0.0945996820881787,,,,,,,,0.04352463816615076,
274,378,HARROGATE & KNARESBOROUGH,Yorkshire and the Humber,England,0.38455241893168224,0.08712351768286283,0.5154370867877007,,,,,,,,0.012886976597754224,
275,176,HARROW EAST,London,England,0.3543110861515242,0.5251399589336796,0.08243098576718555,,,,,,,,0.038117969147610606,
276,177,HARROW WEST,London,England,0.3917837961375843,0.4154001447453624,0.15478231059307507,,,,,,,,0.038033748523978214,
277,500,HARTLEPOOL,North East,England,0.2134662107441735,0.6073292540268155,0.14055610546207145,,,,,,,,0.03864842976693962,
278,38,HARWICH,Eastern,England,0.3648391075232649,0.3875621332735359,0.13149829951040848,,,,,,,,0.11610045969279068,
279,26,HASTINGS & RYE,South East,England,0.2915690150604251,0.34374044712547636,0.2795451303266828,,,,,,,,0.08514540748741568,
280,53,HAVANT,South East,England,0.39741732544182773,0.32024750631182486,0.22362484996481935,,,,,,,,0.05871031828152808,
281,178,HAYES & HARLINGTON,London,England,0.2717626730914312,0.619551726655472,0.07420116327176267,,,,,,,,0.03448443698133411,
282,445,HAZEL GROVE,North West,England,0.3054114308877179,0.11921361978111066,0.5448520470206729,,,,,,,,0.030522902310498583,
283,65,HEMEL HEMPSTEAD,Eastern,England,0.3909642053292674,0.45696289842445365,0.12323023306469179,,,,,,,,0.028842663181587163,
284,410,HEMSWORTH,Yorkshire and the Humber,England,0.17802405611627856,0.7055874398047365,0.08868219099764717,,,,,,,,0.027706313081337818,
285,179,HENDON,London,England,0.3702933887600927,0.493304820529219,0.1084619074266528,,,,,,,,0.027939883284035495,
286,94,HENLEY,South East,England,0.463845721048445,0.22699493626680636,0.24719166521157093,,,,,,,,0.06196767747317773,
287,266,HEREFORD ,West Midlands,England,0.35297699465301696,0.12551138850303503,0.47947786044564533,,,,,,,,0.04203375639830267,
288,66,HERTFORD & STORTFORD,Eastern,England,0.44028879807956606,0.3141228857818255,0.17736526726649685,,,,,,,,0.06822304887211156,
289,67,HERTSMERE,Eastern,England,0.44301660443314533,0.38194168586637006,0.12842615396838009,,,,,,,,0.046615555732104554,
290,515,HEXHAM,North East,England,0.38757636136716955,0.38271550874734517,0.17426813514046113,,,,,,,,0.055439994745024195,
291,446,HEYWOOD & MIDDLETON,North West,England,0.23020771513353117,0.5772304648862512,0.15643916913946587,,,,,,,,0.03612265084075173,
292,330,HIGH PEAK,East Midlands,England,0.3545045754378598,0.5083197732402499,0.112330061414099,,,,,,,,0.024845589907791368,
293,68,HITCHIN & HARPENDEN,Eastern,England,0.4585042058481317,0.3312606099910351,0.20056459457912906,,,,,,,,0.009670589581704084,
294,180,HOLBORN & ST PANCRAS,London,England,0.17902907512169453,0.6500986712274701,0.12519405341402448,,,,,,,,0.04567820023681095,
295,181,HORNCHURCH,London,England,0.37290912814910904,0.5021733688354839,0.07842334038824787,,,,,,,,0.04649416262715914,
296,182,HORNSEY & WOOD GREEN,London,England,0.2193369199992231,0.6174762561423272,0.1125332608231204,,,,,,,,0.05065356303532931,
297,115,HORSHAM,South East,England,0.5075658182454299,0.18702002973847634,0.24758156214466895,,,,,,,,0.057832589871424825,
298,519,HOUGHTON & WASHINGTON EAST,North East,England,0.12890036582741554,0.7638380795256199,0.07672811610836143,,,,,,,,0.03053343853860316,
