,id,Constituency,Country/Region,Country,Con Vote,Liberal Vote,Labour Vote,SNP Vote,PC Vote,DUP Vote,Sinn Fein Vote,SDLP Vote,UUP Vote,Other Vote,Total votes
0,565,ABERAVON,Wales,Wales,0.10178049428647355,0.13752325272389052,0.6004849853840021,,0.11775843741695456,,,,,0.04245283018867924,30104
1,S14000001,ABERDEEN NORTH,Scotland,Scotland,0.09433859256428455,0.23917672107877927,0.42466015177157834,0.22296227548179287,,,,,,0.018862259103564993,36634
2,S14000002,ABERDEEN SOUTH,Scotland,Scotland,0.17140385862905744,0.33454265875399436,0.3669301554503736,0.09898849138655967,,,,,,0.028134835780014897,41621
3,S14000003,AIRDRIE & SHOTTS,Scotland,Scotland,0.0986488931781169,0.1143615417093914,0.5901441582725134,0.16538995114301225,,,,,,0.03145545569696604,33158
4,47,ALDERSHOT,South East,England,0.42732805716540995,0.3165285307741842,0.2055420535510272,,,,,,,0.0506013585093787,48141
5,295,ALDRIDGE-BROWNHILLS,West Midlands,England,0.4738598442714127,0.12291434927697442,0.3346394984326019,,,,,,,0.06858630801901103,39556
6,435,ALTRINCHAM & SALE WEST,North West,England,0.4642067253441661,0.21654254118709096,0.3026404874746107,,,,,,,0.01661024599413225,44310
7,530,ALYN & DEESIDE,Wales,Wales,0.2522256028848321,0.17393509127789047,0.4882521974306964,,0.03718728870858688,,,,,0.04839981969799414,35496
8,324,AMBER VALLEY,East Midlands,England,0.3443269819163976,0.1313540545673229,0.4556350361883058,,,,,,,0.06868392732797367,47391
9,S14000004,ANGUS,Scotland,Scotland,0.29463887796565735,0.17459693275658672,0.17957792633372657,0.33661030279197796,,,,,,0.014575960152051383,38145
10,S14000005,ARGYLL & BUTE,Scotland,Scotland,0.23430827119739606,0.36649045453496154,0.22382788153004454,0.15503589648883861,,,,,,0.020337496248759204,43319
11,110,ARUNDEL & SOUTH DOWNS,South East,England,0.4981283960555444,0.2705373314550211,0.1706983296437915,,,,,,,0.060635942845642984,49690
12,357,ASHFIELD,East Midlands,England,0.24303821550022592,0.13861739316544197,0.4859099664692873,,,,,,,0.13243442486504484,42051
13,76,ASHFORD,South East,England,0.5156428364128858,0.1607429621747122,0.2583534874721873,,,,,,,0.06526071394021477,51685
14,436,ASHTON-UNDER-LYNE,North West,England,0.19636432493845862,0.13817729326155762,0.5737820218032299,,,,,,,0.09167635999675386,36967
15,15,AYLESBURY,South East,England,0.4907500971628449,0.2756898561989895,0.18538670812281383,,,,,,,0.04817333851535173,51460
16,S14000006,"AYR, CARRICK & CUMNOCK",Scotland,Scotland,0.2316640028414136,0.1407609660806251,0.45358284496537027,0.13168176167643403,,,,,,0.042310424436156985,45048
17,93,BANBURY,South East,England,0.469355441299436,0.17925954918251524,0.277268764788557,,,,,,,0.07411624472949171,56209
18,S14000007,BANFF & BUCHAN,Scotland,Scotland,0.19365326741186586,0.133061049011178,0.12027085124677558,0.5117153912295787,,,,,,0.041299441100601894,37216
19,140,BARKING,London,England,0.1698275269703841,0.11719233147804577,0.4750223321651893,,,,,,,0.2379578093863808,29106
20,386,BARNSLEY CENTRAL,Yorkshire and the Humber,England,0.1332517910186965,0.1658570679713437,0.6107985322383366,,,,,,,0.09009260877162327,28615
21,387,BARNSLEY EAST & MEXBOROUGH,Yorkshire and the Humber,England,0.14694483134500091,0.20147762369042574,0.6291709562163145,,,,,,,0.022406588748258946,33026
22,388,BARNSLEY WEST & PENISTONE,Yorkshire and the Humber,England,0.24579398675784217,0.201400195376099,0.5528058178660589,,,,,,,,36852
23,494,BARROW & FURNESS,North West,England,0.3102786835831529,0.16797742032718604,0.4757076699641027,,,,,,,0.04603622612555833,36493
24,30,BASILDON,Eastern,England,0.36109501402378247,0.10368327113418789,0.4339259637004242,,,,,,,0.10129575114160544,43141
25,48,BASINGSTOKE,South East,England,0.4146665835463292,0.20680339962180247,0.31741578870810216,,,,,,,0.061114228123766184,48123
26,358,BASSETLAW,East Midlands,England,0.29770462545238213,0.1359625204501512,0.5663328540974667,,,,,,,,40342
27,214,BATH,South West,England,0.33735491753207086,0.43854175757046865,0.14776594816301597,,,,,,,0.07633737673444455,45836
28,401,BATLEY & SPEN,Yorkshire and the Humber,England,0.3108039175678433,0.14616914915323403,0.45842685166292596,,,,,,,0.08460008161599673,39208
29,141,BATTERSEA,London,England,0.3996686886404054,0.14631294306804063,0.40363955272966456,,,,,,,0.05037881556188945,41049
30,16,BEACONSFIELD,South East,England,0.554327596902787,0.20386921857408727,0.19350688141901984,,,,,,,0.048296303104105875,43523
31,142,BECKENHAM,London,England,0.45304713667184054,0.22183645127032106,0.28147210195245487,,,,,,,0.04364431010538355,48964
32,1,BEDFORD,Eastern,England,0.3368986499334474,0.21541642897889332,0.4173084236546872,,,,,,,0.03037649743297205,42072
33,642,BELFAST EAST,Northern Ireland,Northern Ireland,0.014076740942557816,,,,,0.49145340728487563,0.033375498686387076,0.027375044597969578,0.30083357659498555,0.13288573189322436,30831
34,643,BELFAST NORTH,Northern Ireland,Northern Ireland,,,,,,0.456286836935167,0.2864112639161755,0.16208251473477406,0.07053045186640472,0.024688932547478715,30540
35,644,BELFAST SOUTH,Northern Ireland,Northern Ireland,,,,,,0.2842512801298864,0.08998376420631947,0.322811290121144,0.2267703259647808,0.07618333957786937,32028
36,645,BELFAST WEST,Northern Ireland,Northern Ireland,,,,,,0.10571718048921697,0.7048198002605297,0.14569402228976697,0.022550296714430453,0.02121870024605587,34545
37,S14000008,"BERWICKSHIRE, ROXBURGH & SELKIRK",Scotland,Scotland,0.28844628536176964,0.41845862342469375,0.15876443112717017,0.08559531153608883,,,,,,0.048735348550277606,45388
38,513,BERWICK-UPON-TWEED,North East,England,0.2887226378498199,0.5279024660570796,0.1833748960931006,,,,,,,,36090
39,143,BETHNAL GREEN & BOW,London,England,0.14188651805394598,0.11198218465244165,0.34035494353171086,,,,,,,0.4057763537619015,44007
40,368,BEVERLEY & HOLDERNESS,Yorkshire and the Humber,England,0.40703557627186165,0.19078921158519582,0.35564320146607703,,,,,,,0.046532010676865465,50202
41,22,BEXHILL & BATTLE,South East,England,0.5258786351795705,0.23871546312508007,0.18057394200794294,,,,,,,0.05483195968740658,46834
42,144,BEXLEYHEATH & CRAYFORD,London,England,0.46317519962423676,0.12080789102865194,0.3562940347581024,,,,,,,0.05972287458900893,42580
43,31,BILLERICAY,Eastern,England,0.5216545908551312,0.13244504482377503,0.2922960415899136,,,,,,,0.053604322731180154,48858
44,478,BIRKENHEAD,North West,England,0.16562297559922262,0.18444540416036853,0.6499316202404088,,,,,,,,27786
45,296,"BIRMINGHAM, EDGBASTON",West Midlands,England,0.3751162605298823,0.13778533655762537,0.4375381998883899,,,,,,,0.04956020302410247,37631
46,297,"BIRMINGHAM, ERDINGTON",West Midlands,England,0.2279027279027279,0.15835065835065834,0.5295155295155295,,,,,,,0.08423108423108423,31746
47,298,"BIRMINGHAM, HALL GREEN",West Midlands,England,0.306636553161918,0.19347926801019227,0.4720870975214269,,,,,,,0.02779708130646282,34536
48,299,"BIRMINGHAM, HODGE HILL",West Midlands,England,0.13259668508287292,0.2946475701164796,0.48639898652215224,,,,,,,0.08635675827849526,28417
49,300,"BIRMINGHAM, LADYWOOD",West Midlands,England,0.10572700475245142,0.3146543945136257,0.5192203573362209,,,,,,,0.06039824339770198,33246
50,301,"BIRMINGHAM, NORTHFIELD",West Midlands,England,0.288672076249356,0.13430577022153528,0.4964902112313241,,,,,,,0.08053194229778465,31056
51,302,"BIRMINGHAM, PERRY BARR",West Midlands,England,0.16738197424892703,0.2652463313715916,0.4695073372568168,,,,,,,0.09786435712266454,38911
52,303,"BIRMINGHAM, SELLY OAK",West Midlands,England,0.24856252994729278,0.22977958792525155,0.46061332055582177,,,,,,,0.061044561571633925,41740
53,304,"BIRMINGHAM, SPARKBROOK & SMALL HEATH",West Midlands,England,0.09111855886049434,0.20231985756179305,0.36099183074989527,,,,,,,0.3455697528278173,38192
54,305,"BIRMINGHAM, YARDLEY",West Midlands,England,0.10091400224253338,0.4637287214161938,0.3729400971764466,,,,,,,0.062417179164826204,29431
55,506,BISHOP AUCKLAND,North East,England,0.22912295425933696,0.2365190935795216,0.5000262274443978,,,,,,,0.0343317247167436,38128
56,334,BLABY,East Midlands,England,0.4553130315056289,0.18996517372641128,0.29590183850328017,,,,,,,0.05881995626467968,49388
57,463,BLACKBURN,North West,England,0.2285133357253917,0.2059083841645736,0.4200932902762827,,,,,,,0.14548498983375194,41805
58,464,BLACKPOOL NORTH & FLEETWOOD,North West,England,0.3593901593901594,0.12781242781242783,0.4763224763224763,,,,,,,0.03647493647493647,43290
59,465,BLACKPOOL SOUTH,North West,England,0.2987063794272599,0.14480204475509884,0.5053205362265922,,,,,,,0.05117103959104898,38342
60,541,BLAENAU GWENT,Wales,Wales,0.02314827948143315,0.04286403222603614,0.3229411931576409,,0.023914215199568805,,,,,0.587132279935321,35251
61,517,BLAYDON,North East,England,0.08012188564258828,0.37858807261926103,0.515197295982383,,,,,,,0.026092745755767803,39053
62,514,BLYTH VALLEY,North East,England,0.1392670449780561,0.31118441282531517,0.5495485421966287,,,,,,,,35773
63,111,BOGNOR REGIS & LITTLEHAMPTON,South East,England,0.44624144108768743,0.21908361351755956,0.25427638844577516,,,,,,,0.08039855694897784,40747
64,325,BOLSOVER,East Midlands,England,0.17318276958060932,0.17519832553812761,0.6516189048812631,,,,,,,,38699
65,437,BOLTON NORTH EAST,North West,England,0.3459944190078838,0.1637452250006773,0.4571536940207526,,,,,,,0.03310666197068624,36911
66,438,BOLTON SOUTH EAST,North West,England,0.20379905808477236,0.18985871271585558,0.5691993720565149,,,,,,,0.037142857142857144,31850
67,439,BOLTON WEST,North West,England,0.37429395949979033,0.17860049823644034,0.42520287102582444,,,,,,,0.0219026712379449,40543
68,479,BOOTLE,North West,England,0.06166575599094528,0.11661853094996487,0.7550152212942003,,,,,,,0.06670049176488954,25622
69,344,BOSTON & SKEGNESS,East Midlands,England,0.46165420716998257,0.08715278607084,0.3205713057393298,,,,,,,0.13062170101984763,41869
70,335,BOSWORTH,East Midlands,England,0.42552474788942923,0.22164677151097917,0.31354344301985304,,,,,,,0.03928503757973852,47499
71,240,BOURNEMOUTH EAST,South West,England,0.45014495066358146,0.3106731562009628,0.19125508657145138,,,,,,,0.04792680656400436,37599
72,241,BOURNEMOUTH WEST,South West,England,0.4143674095035963,0.29554297842235583,0.23063318004952246,,,,,,,0.05945643202452541,33924
73,7,BRACKNELL,South East,England,0.4969007254453374,0.19804071097553821,0.2615513971177724,,,,,,,0.04350716646135195,51141
74,402,BRADFORD NORTH,Yorkshire and the Humber,England,0.1619036543884641,0.32302235660086637,0.42509521179172605,,,,,,,0.08997877721894351,34397
75,403,BRADFORD SOUTH,Yorkshire and the Humber,England,0.24004917361016254,0.14571779811501162,0.49047944269908483,,,,,,,0.12375358557574102,36605
76,404,BRADFORD WEST,Yorkshire and the Humber,England,0.3174131815557205,0.18202315158514118,0.4006159091533999,,,,,,,0.09994775770573841,36369
77,32,BRAINTREE,Eastern,England,0.4447648666478183,0.13263594383187258,0.37138818207520496,,,,,,,0.05121100744510414,53055
78,558,BRECON & RADNORSHIRE,Wales,Wales,0.34628726428627316,0.4481364596645888,0.15010041469966875,,0.036618763203880966,,,,,0.018857098145588273,38341
79,145,BRENT EAST,London,England,0.10277455903180122,0.47521565598043003,0.3879232650959186,,,,,,,0.03408651989185014,31068
80,146,BRENT NORTH,London,England,0.33011041981951683,0.15895969956840983,0.48820133400594135,,,,,,,0.022728546606131942,35682
81,147,BRENT SOUTH,London,England,0.1506853917484209,0.2074653944362317,0.5879922053487434,,,,,,,0.05385700846660395,29764
82,148,BRENTFORD & ISLEWORTH,London,England,0.3024534411195862,0.2276767281656779,0.3983093204685225,,,,,,,0.07156051024621335,46017
83,33,BRENTWOOD & ONGAR,Eastern,England,0.5348057537659984,0.27176350662589194,0.14903160040774718,,,,,,,0.04439913920036244,44145
84,551,BRIDGEND,Wales,Wales,0.2611532264454951,0.20996328481998996,0.43345043450698645,,0.06674766898227634,,,,,0.02868538524525212,37859
85,254,BRIDGWATER,South West,England,0.4414974329127606,0.227400278534162,0.2654596852979692,,,,,,,0.06564260325510819,48109
86,369,BRIGG & GOOLE,Yorkshire and the Humber,England,0.3843064493400348,0.13363708957677675,0.45227582319507725,,,,,,,0.029780637888111233,42578
87,23,"BRIGHTON, KEMPTOWN",South East,England,0.3303456783906946,0.16516025076160024,0.39925476472217325,,,,,,,0.10523930612553187,39719
88,24,"BRIGHTON, PAVILION",South East,England,0.23880836989227552,0.16471047614672576,0.35434228357489034,,,,,,,0.24213887038610837,43537
89,215,BRISTOL EAST,South West,England,0.2106184084372004,0.2524209012464046,0.4590604026845638,,,,,,,0.07790028763183125,41720
90,216,BRISTOL NORTH WEST,South West,England,0.27857323338667567,0.20098121788932874,0.467278699570454,,,,,,,0.05316684915354165,47492
91,217,BRISTOL SOUTH,South West,England,0.20000945000945,0.22765072765072766,0.4908807408807409,,,,,,,0.08145908145908146,42328
92,218,BRISTOL WEST,South West,England,0.26881664227472296,0.38307547564290195,0.29373127047180986,,,,,,,0.054376611610565194,57396
93,149,BROMLEY & CHISLEHURST,London,England,0.5111515703231679,0.20304744565099594,0.22196935214686694,,,,,,,0.06383163187896916,46137
94,265,BROMSGROVE,West Midlands,England,0.5100815728927003,0.15053336122150177,0.2992470194519975,,,,,,,0.04013804643380046,47810
95,64,BROXBOURNE,Eastern,England,0.5384956187850743,0.12240326868169735,0.25521807620360343,,,,,,,0.08388303632962489,40628
96,359,BROXTOWE,East Midlands,England,0.3721058886202516,0.16057451952628776,0.41914928492398473,,,,,,,0.04817030692947588,48806
97,17,BUCKINGHAM,South East,England,0.5744095058687146,0.19682447678390294,0.1991222804148467,,,,,,,0.029643736932535657,48307
98,466,BURNLEY,North West,England,0.10789318420850114,0.2365390041813098,0.38475745837929354,,,,,,,0.27081035323089553,38983
99,278,BURTON,West Midlands,England,0.381771855812205,0.13023683221252244,0.411448978739401,,,,,,,0.07654233323587152,47882
100,440,BURY NORTH,North West,England,0.364634667746799,0.1465829564121605,0.43047773352235646,,,,,,,0.05830464231868404,44439
101,441,BURY SOUTH,North West,England,0.2765745517699341,0.17796393727333096,0.5041885886499463,,,,,,,0.04127292230678858,39154
102,133,BURY ST EDMUNDS,Eastern,England,0.4624185180258082,0.1980843421577757,0.27370341511621277,,,,,,,0.06579372470020335,52619
103,547,CAERNARFON,Wales,Wales,0.12439729990356799,0.12529018893531912,0.2692239008536019,,0.4552662595092682,,,,,0.025822350798242796,27999
104,552,CAERPHILLY,Wales,Wales,0.14558107522496114,0.09842208570190421,0.5656529608198017,,0.17413138239567666,,,,,0.016212495857656325,39229
105,S14000009,"CAITHNESS, SUTHERLAND & EASTER ROSS",Scotland,Scotland,0.10248346166359397,0.5045367458337852,0.20926869826121533,0.13324657484726893,,,,,,0.05046451939413657,27663
106,405,CALDER VALLEY,Yorkshire and the Humber,England,0.3571069709022399,0.1889679715302491,0.38572325727444,,,,,,,0.06820180029307096,47770
107,150,CAMBERWELL & PECKHAM,London,England,0.09799592977130833,0.1879893760132455,0.6530647442309683,,,,,,,0.06094994998447794,28991
108,118,CAMBRIDGE,Eastern,England,0.1650944478872593,0.4395785994629209,0.33998944203447407,,,,,,,0.055337510615345774,43569
109,279,CANNOCK CHASE,West Midlands,England,0.2992005561348627,0.13750434480361487,0.5130112385586838,,,,,,,0.050283860502838604,43155
110,77,CANTERBURY,South East,England,0.44367159098073006,0.2113812595877025,0.2866749322293904,,,,,,,0.05827221720217707,47587
111,560,CARDIFF CENTRAL,Wales,Wales,0.092411159083361,0.49792427764862174,0.3431307428318388,,0.035176574781357245,,,,,0.03135724565482121,36132
112,561,CARDIFF NORTH,Wales,Wales,0.36510141093474424,0.18701499118165785,0.3903659611992945,,0.04268077601410935,,,,,0.014836860670194003,45360
113,562,CARDIFF SOUTH & PENARTH,Wales,Wales,0.22242089293454703,0.2039716081491114,0.47266471608149113,,0.0548060251408756,,,,,0.04613675769397486,36912
114,563,CARDIFF WEST,Wales,Wales,0.21880153930731172,0.17534214866467984,0.4551083591331269,,0.12488064581464657,,,,,0.025867307080234946,34561
115,495,CARLISLE,North West,England,0.3199412329773408,0.16714697406340057,0.48084421088320056,,,,,,,0.03206758207605809,35394
116,536,CARMARTHEN EAST & DINEFWR,Wales,Wales,0.13671619962915568,0.09712465070120917,0.28317359170562273,,0.45861951894701103,,,,,0.024366039017001385,38291
117,537,CARMARTHEN WEST & SOUTH PEMBROKESHIRE,Wales,Wales,0.3180677706468056,0.14259303277606106,0.3685127961334284,,0.1474262472598579,,,,,0.023400153183847028,37863
118,151,CARSHALTON & WALLINGTON,London,England,0.37827732751213394,0.40307935254638766,0.17175634564919534,,,,,,,0.04688697429228304,43061
119,34,CASTLE POINT,Eastern,England,0.4829046766516746,0.10303043535216803,0.3038513602026112,,,,,,,0.11021352779354614,45802
120,S14000010,CENTRAL AYRSHIRE,Scotland,Scotland,0.22117515336707796,0.16050477012432646,0.46429987637330594,0.11590585710620233,,,,,,0.03811434302908726,42871
121,134,CENTRAL SUFFOLK & NORTH IPSWICH,Eastern,England,0.43905555773994415,0.21053355876223803,0.28461054535446073,,,,,,,0.06580033814335706,50866
122,538,CEREDIGION,Wales,Wales,0.12393245611594848,0.3652599660611456,0.1206498456060311,,0.359167663504604,,,,,0.030990068712270842,35947
123,336,CHARNWOOD,East Midlands,England,0.4656827880512091,0.17893551446183026,0.2916469100679627,,,,,,,0.06373478741899795,50616
124,78,CHATHAM & AYLESFORD,South East,England,0.3815351711026616,0.13650190114068442,0.43695342205323195,,,,,,,0.045009505703422055,42080
125,442,CHEADLE,North West,England,0.40409385079157617,0.4888378270126694,0.08788498429495963,,,,,,,0.01918333790079474,47437
126,248,CHELTENHAM,South West,England,0.3626464317645171,0.41544210357396666,0.1143485935673185,,,,,,,0.10756287109419775,43621
127,18,CHESHAM & AMERSHAM,South East,England,0.5439624604539567,0.25099263222710577,0.1403486421640444,,,,,,,0.06469626515489309,47097
128,424,"CHESTER, CITY OF",North West,England,0.3684163641627508,0.21864908803420707,0.3887936218070062,,,,,,,0.0241409259960359,44903
129,326,CHESTERFIELD,East Midlands,England,0.08170712359194035,0.473130708732803,0.40411595385417376,,,,,,,0.04104621382108293,44121
130,112,CHICHESTER,South East,England,0.4828533806606744,0.2756054273773401,0.18381328600599225,,,,,,,0.057727905955993204,52401
131,152,CHINGFORD & WOODFORD GREEN,London,England,0.5318515835230802,0.17677499482508796,0.2565203891533844,,,,,,,0.034853032498447525,38648
132,153,CHIPPING BARNET,London,England,0.465869139472877,0.1574054411174819,0.3252400839999056,,,,,,,0.051485335409735496,42381
133,467,CHORLEY,North West,England,0.353164276059634,0.13984546793358751,0.5069902560067784,,,,,,,,49569
134,242,CHRISTCHURCH,South West,England,0.5470377193833026,0.24530204596140792,0.15613303597401337,,,,,,,0.05152719868127606,51565
135,154,CITIES OF LONDON & WESTMINSTER,London,England,0.4730451941787486,0.200235700386439,0.25118535368761474,,,,,,,0.07553375174719763,36487
136,370,CLEETHORPES,Yorkshire and the Humber,England,0.37273165248113055,0.14767487210075936,0.4333432746793916,,,,,,,0.04625020073871849,43589
137,531,CLWYD SOUTH,Wales,Wales,0.25690079256627496,0.15502110473414107,0.44966748656281313,,0.09447025598979684,,,,,0.04394036014697398,32931
138,532,CLWYD WEST,Wales,Wales,0.36246981524119726,0.1326163868141742,0.35873532880327963,,0.10877744707137643,,,,,0.037401022069972485,35614
139,S14000011,"COATBRIDGE, CHRYSTON & BELLSHILL",Scotland,Scotland,0.0723711662841644,0.12009701648237012,0.6448205716670143,0.1357709159190486,,,,,,0.02694032964740246,38344
140,35,COLCHESTER,Eastern,England,0.3311432325886991,0.4709459007995724,0.19791086661172855,,,,,,,,44899
141,406,COLNE VALLEY,Yorkshire and the Humber,England,0.32778004905968927,0.24165985282093214,0.35846279640228945,,,,,,,0.07209730171708913,48920
142,425,CONGLETON,North West,England,0.45390086114562356,0.2688402382074461,0.2772589006469303,,,,,,,,46682
143,548,CONWY,Wales,Wales,0.2792286894256767,0.19975042338889384,0.3707698249992572,,0.11082389993166354,,,,,0.03942716225450872,33657
144,496,COPELAND,North West,England,0.31735640015404215,0.11493912373729893,0.5045768285096425,,,,,,,0.0631276475990165,33757
145,351,CORBY,East Midlands,England,0.40639470320782783,0.1295702642110336,0.43817964674083854,,,,,,,0.02585538584030004,47727
146,249,COTSWOLD,South West,England,0.49261895208126544,0.28801926041688664,0.1786023526430276,,,,,,,0.0407594348588203,47351
147,306,COVENTRY NORTH EAST,West Midlands,England,0.1870143836537169,0.16461890038983734,0.5693776045167361,,,,,,,0.07898911143970964,37195
148,307,COVENTRY NORTH WEST,West Midlands,England,0.26766886136562457,0.18260509231548414,0.48211243611584326,,,,,,,0.06761361020304803,43438
149,308,COVENTRY SOUTH,West Midlands,England,0.3046331571832371,0.17765761337102126,0.458375322600467,,,,,,,0.05933390684527467,40685
150,113,CRAWLEY,South East,England,0.3901079265241941,0.15493293307602507,0.39098944559597837,,,,,,,0.06396969480380245,41973
151,426,CREWE & NANTWICH,North West,England,0.32567552029435437,0.18588018857077154,0.4884442911348741,,,,,,,,43485
152,480,CROSBY,North West,England,0.32113057412830853,0.17400674144885891,0.4824832845222965,,,,,,,0.022379399900536,36194
153,155,CROYDON CENTRAL,London,England,0.4079906857037809,0.13040014706783504,0.4064587290887922,,,,,,,0.05515043813959189,48957
154,156,CROYDON NORTH,London,England,0.2204711838894337,0.17241772527196844,0.5372089310557164,,,,,,,0.06990215978288138,43847
155,157,CROYDON SOUTH,London,England,0.5178231793361556,0.20551363069308956,0.24115998936540073,,,,,,,0.03550320060535411,48897
156,S14000012,"CUMBERNAULD, KILSYTH & KIRKINTILLOCH EAST",Scotland,Scotland,0.06953540728612362,0.14881805157593123,0.5180873925501432,0.2222932869422841,,,,,,0.04126586164551781,39088
157,553,CYNON VALLEY,Wales,Wales,0.07738206927609112,0.11224528089465981,0.6407475513190979,,0.14316808646376702,,,,,0.026457012046384207,26647
158,158,DAGENHAM,London,England,0.2542394863979767,0.10071009370642975,0.5008268214389936,,,,,,,0.1442235984566,30841
159,507,DARLINGTON,North East,England,0.25995226972682034,0.1845485934802478,0.5240936325784503,,,,,,,0.031405504214481565,39388
160,79,DARTFORD,South East,England,0.4105047136535625,0.10765514440240279,0.42559695589901453,,,,,,,0.0562431860450202,46779
161,352,DAVENTRY,East Midlands,England,0.5163222422607918,0.16486043779678683,0.27333344363738643,,,,,,,0.04548387630503483,60439
162,533,DELYN,Wales,Wales,0.26161628043759555,0.1790671685684037,0.45700505822844373,,0.07422656158099047,,,,,0.028084931184566522,34004
163,443,DENTON & REDDISH,North West,England,0.1930477963997517,0.16404266124936517,0.5738953783646521,,,,,,,0.06901416398623103,35442
164,327,DERBY NORTH,East Midlands,England,0.3540782326897622,0.1645214295495002,0.439819252362043,,,,,,,0.0415810853986946,43818
165,328,DERBY SOUTH,East Midlands,England,0.18931132271228646,0.32338090517142,0.45380766836511194,,,,,,,0.03350010375118161,43373
166,259,DEVIZES,South West,England,0.48539521960602716,0.2504007409254444,0.22297225091725145,,,,,,,0.04123178855127703,56146
167,407,DEWSBURY,Yorkshire and the Humber,England,0.2899857494494105,0.1457183573001684,0.40956082394092497,,,,,,,0.15473506930949604,38595
168,389,DON VALLEY,Yorkshire and the Humber,England,0.2935112847222222,0.1797417534722222,0.5267469618055556,,,,,,,,36864
169,390,DONCASTER CENTRAL,Yorkshire and the Humber,England,0.18890279758958983,0.2275042939070187,0.5128526098221303,,,,,,,0.0707402986812611,34351
170,391,DONCASTER NORTH,Yorkshire and the Humber,England,0.15437963138894167,0.12033694344163658,0.5551649882829818,,,,,,,0.17011843688643993,31578
171,80,DOVER,South East,England,0.3495739704285356,0.15886308579066077,0.4527608386935093,,,,,,,0.03880210508729429,47884
172,309,DUDLEY NORTH,West Midlands,England,0.3109061051004637,0.10280622102009274,0.44208848531684697,,,,,,,0.1441991885625966,41408
173,310,DUDLEY SOUTH,West Midlands,England,0.3451471636622874,0.1224157246155413,0.45320297382625524,,,,,,,0.07923413789591609,39276
174,159,DULWICH & WEST NORWOOD,London,England,0.219105003691443,0.24415918454833407,0.45390459406034916,,,,,,,0.08283121769987378,41989
175,S14000013,DUMFRIES & GALLOWAY,Scotland,Scotland,0.3537364170482011,0.08368866793735631,0.4111532491010198,0.12147530997622369,,,,,,0.02994635593719911,50891
176,S14000014,"DUMFRIESSHIRE, CLYDESDALE & TWEEDDALE",Scotland,Scotland,0.36177604446835215,0.20275237582929892,0.3228214093598709,0.09133494710417787,,,,,,0.021315223238300162,44616
177,S14000015,DUNDEE EAST,Scotland,Scotland,0.12799696509863429,0.11375821952453212,0.3622913505311077,0.3719777440566515,,,,,,0.023975720789074353,39540
178,S14000016,DUNDEE WEST,Scotland,Scotland,0.08290015161360191,0.14411414338314923,0.4458522850335716,0.30022200563136237,,,,,,0.026911414338314923,36936
179,S14000017,DUNFERMLINE & WEST FIFE,Scotland,Scotland,0.10322215407840732,0.20165589470208048,0.4743831674293532,0.18931924328914468,,,,,,0.031419540501014295,42394
180,508,"DURHAM, CITY OF",North East,England,0.09419799837706248,0.39793526282571456,0.4717338382472275,,,,,,,0.03613290054999549,44364
181,161,EALING NORTH,London,England,0.2988152321155955,0.19670157180639475,0.4505988345840411,,,,,,,0.05388436149396865,46507
182,162,"EALING, ACTON & SHEPHERD'S BUSH",London,England,0.27910556999722386,0.2520253388183631,0.4184185952603286,,,,,,,0.050450495924084494,39623
183,160,"EALING, SOUTHALL",London,England,0.21568710808800085,0.2443830375172707,0.48755446912530553,,,,,,,0.05237538526942289,47045
184,509,EASINGTON,North East,England,0.10673363679171245,0.1286140323340135,0.7136399309370586,,,,,,,0.051012399937215507,31855
185,646,EAST ANTRIM,Northern Ireland,Northern Ireland,,,,,,0.49630119306198256,0.026064784210029276,0.05335725753140051,0.2663770579532219,0.15789970724336574,31767
186,229,EAST DEVON,South West,England,0.4685564602919975,0.30740958840132393,0.1542835096554105,,,,,,,0.06975044165126809,49247
187,S14000018,EAST DUNBARTONSHIRE,Scotland,Scotland,0.16496875267528466,0.418050680592415,0.33113603287389776,0.05812858488143138,,,,,,0.02771594897697115,46724
188,163,EAST HAM,London,England,0.13131491824407995,0.1085698400262832,0.5389572645252597,,,,,,,0.22115797720437716,39569
189,49,EAST HAMPSHIRE,South East,England,0.45678315361598826,0.35311165057678917,0.16031539923596605,,,,,,,0.029789796571256515,53139
190,S14000019,"EAST KILBRIDE, STRATHAVEN & LESMAHAGOW",Scotland,Scotland,0.10005656464081453,0.16558774851779692,0.4873777051515723,0.17893281377663253,,,,,,0.06804516791318375,47733
191,647,EAST LONDONDERRY,Northern Ireland,Northern Ireland,,,,,,0.4288249211356467,0.16079878323569174,0.17116381252816584,0.21118747183415953,0.028025011266336188,35504
192,S14000020,EAST LOTHIAN,Scotland,Scotland,0.1597998951415589,0.2482305138063614,0.4146932890597693,0.13096382383781893,,,,,,0.04631247815449144,45776
193,S14000021,EAST RENFREWSHIRE,Scotland,Scotland,0.29866047885244174,0.1826600569560173,0.43908870372323594,0.06845269486341103,,,,,,0.011138065604893999,47405
194,99,EAST SURREY,South East,England,0.5615698536129778,0.23832050839542768,0.1479706819889144,,,,,,,0.05213895600268004,49253
195,114,EAST WORTHING & SHOREHAM,South East,England,0.43885683496845745,0.24345014929394068,0.2551467121657724,,,,,,,0.06254630357182947,44543
196,371,EAST YORKSHIRE,Yorkshire and the Humber,England,0.45210442194992007,0.19339371337240277,0.3182099094299414,,,,,,,0.03629195524773575,46925
197,25,EASTBOURNE,South East,England,0.43463795668705574,0.4114109770209952,0.10886096875516614,,,,,,,0.04509009753678294,48392
198,50,EASTLEIGH,South East,England,0.37467601615398527,0.3860882843422877,0.20570211568985955,,,,,,,0.033533583813867514,49771
199,444,ECCLES,North West,England,0.1968121968121968,0.18563756063756065,0.5688958188958189,,,,,,,0.048654423654423656,34632
200,427,EDDISBURY,North West,England,0.46374304856154486,0.17913911634628016,0.3281078950825415,,,,,,,0.02900994000963349,45674
201,S14000022,EDINBURGH EAST,Scotland,Scotland,0.10307486967689944,0.24420156639552745,0.40038782140069,0.17023848497821653,,,,,,0.08209725754866655,39709
202,S14000023,EDINBURGH NORTH & LEITH,Scotland,Scotland,0.18689024390243902,0.29183864915572233,0.3423311444652908,0.10187617260787993,,,,,,0.07706378986866792,42640
203,S14000024,EDINBURGH SOUTH,Scotland,Scotland,0.24101831467516044,0.32280200477774135,0.33228722656798915,0.06171249238840227,,,,,,0.042179961590706826,42698
204,S14000025,EDINBURGH SOUTH WEST,Scotland,Scotland,0.2329827437053226,0.21062696352957247,0.3978509311114147,0.10595091745207849,,,,,,0.0525884442016118,43926
205,S14000026,EDINBURGH WEST,Scotland,Scotland,0.1947862586987739,0.4952391472440075,0.18630288302220258,0.09110792002651055,,,,,,0.03256379100850547,45265
206,164,EDMONTON,London,England,0.29913840301991185,0.1199319943520733,0.5318272195487422,,,,,,,0.049102383079272685,34703
207,428,ELLESMERE PORT & NESTON,North West,England,0.330053008153272,0.15705151061351588,0.48422829161615444,,,,,,,0.028667189617057692,42069
208,408,ELMET,Yorkshire and the Humber,England,0.37610825944937004,0.12563101853815806,0.4721503414923854,,,,,,,0.02611038052008654,47146
209,165,ELTHAM,London,England,0.34286928197139216,0.16057215691828353,0.435660671293018,,,,,,,0.06089788981730633,35305
210,166,ENFIELD NORTH,London,England,0.3959606370708484,0.113916905936342,0.44307835775111043,,,,,,,0.04704409924169918,40749
211,167,"ENFIELD, SOUTHGATE",London,England,0.4461028192371476,0.1119166074389955,0.4047145226249704,,,,,,,0.03726605069888652,42210
212,36,EPPING FOREST,Eastern,England,0.5301604993312528,0.1845519393669193,0.21009808292465448,,,,,,,0.07518947837717342,44860
213,100,EPSOM & EWELL,South East,England,0.5442370536698811,0.21449908779245774,0.20579803123559012,,,,,,,0.03546582730207101,49879
214,329,EREWASH,East Midlands,England,0.30439340889759264,0.13991256700888177,0.44452356932328446,,,,,,,0.11117045477024114,50553
215,168,ERITH & THAMESMEAD,London,England,0.23858596053225678,0.13513585296539268,0.5440227351199172,,,,,,,0.0822554513824334,37651
216,101,ESHER & WALTON,South East,England,0.457036634780066,0.29564727014495173,0.19443168052132503,,,,,,,0.052884414553657215,47878
217,230,EXETER,South West,England,0.2715551681557347,0.205927217258662,0.41074671315464517,,,,,,,0.1117709014309581,55068
218,S14000028,FALKIRK,Scotland,Scotland,0.0991912568306011,0.16002185792349727,0.5085027322404372,0.21396721311475408,,,,,,0.01831693989071038,45750
219,224,FALMOUTH & CAMBORNE,South West,England,0.2633343746745809,0.34878683744663125,0.3095074455899198,,,,,,,0.07837134228886806,48015
220,51,FAREHAM,South East,England,0.49717967720685113,0.2172060276679842,0.2562788208168643,,,,,,,0.029335474308300396,48576
221,81,FAVERSHAM & MID KENT,South East,England,0.49718058038784213,0.165130885251914,0.2972997753633155,,,,,,,0.04038875899692844,43626
222,169,FELTHAM & HESTON,London,England,0.29292956386459956,0.1656831715036747,0.47585966418110615,,,,,,,0.0655276004506196,37282
223,648,FERMANAGH & SOUTH TYRONE,Northern Ireland,Northern Ireland,,,,,,0.2880741089910438,0.3819810218678909,0.14817699260139774,0.18176787653966758,,48793
224,170,FINCHLEY & GOLDERS GREEN,London,England,0.3875133058730967,0.16851020502614894,0.40466052668116814,,,,,,,0.039315962419586244,43214
225,82,FOLKESTONE & HYTHE,South East,England,0.5393686988433705,0.29855885202977134,0.12479640434612292,,,,,,,0.037276044780735214,48503
226,250,FOREST OF DEAN,South West,England,0.4087741393786734,0.1718094038623006,0.3657640638119228,,,,,,,0.05365239294710328,47640
227,649,FOYLE,Northern Ireland,Northern Ireland,,,,,,0.1437654848823697,0.3324343879497468,0.4630445745357276,0.023920717402267096,0.03683483522988884,45609
228,468,FYLDE,North West,England,0.5336629312239068,0.17024829707756536,0.25989892331355746,,,,,,,0.03618984838497034,45510
229,345,GAINSBOROUGH,East Midlands,England,0.43869442437775,0.2635012368380727,0.25708719161139204,,,,,,,0.040717147172785184,45681
230,518,GATESHEAD EAST & WASHINGTON WEST,North East,England,0.13880235375562477,0.21893388715818624,0.6056593977154725,,,,,,,0.03660436137071651,34668
231,360,GEDLING,East Midlands,England,0.37482130295672694,0.1377385463704645,0.46129932605686536,,,,,,,0.02614082461594318,44069
232,83,GILLINGHAM,South East,England,0.406646445413687,0.14909115061881462,0.4122700201474528,,,,,,,0.03199238382004561,45167
233,S14000029,GLASGOW CENTRAL,Scotland,Scotland,0.06266718978492707,0.17787209758533368,0.48214858936405464,0.14794735528052216,,,,,,0.12936476798516247,28037
234,S14000030,GLASGOW EAST,Scotland,Scotland,0.06900675522802935,0.11845890300268269,0.6068392643588998,0.17027053233782605,,,,,,0.03542454507256214,30939
235,S14000031,GLASGOW NORTH,Scotland,Scotland,0.08742523548583503,0.27445292074066113,0.394004512732352,0.12943662476272338,,,,,,0.11468070627842843,27921
236,S14000032,GLASGOW NORTH EAST,Scotland,Scotland,,,,0.17661341403335915,,,,,,0.8233865859666408,28418
237,S14000033,GLASGOW NORTH WEST,Scotland,Scotland,0.0957693549807698,0.1953847508881125,0.49170605678048207,0.13728310971492322,,,,,,0.0798567276357124,34061
238,S14000034,GLASGOW SOUTH,Scotland,Scotland,0.1258359137154901,0.19049725482032734,0.4723530483203664,0.12646040956519478,,,,,,0.08485337357862142,38431
239,S14000035,GLASGOW SOUTH WEST,Scotland,Scotland,0.05765568002066049,0.11598928237079123,0.6021564386480291,0.15356554863285662,,,,,,0.07063305032766246,30977
240,S14000036,GLENROTHES,Scotland,Scotland,0.07094685007761066,0.126532141519028,0.5190547556602259,0.23366161751324735,,,,,,0.049804635229888136,37366
241,251,GLOUCESTER,South West,England,0.36420670617531803,0.1510530278169218,0.4466536687064456,,,,,,,0.0380865973013146,51803
242,S14000037,GORDON,Scotland,Scotland,0.17647058823529413,0.45024528556640714,0.20212430802466358,0.15972816058328457,,,,,,0.011431657590350601,44438
243,52,GOSPORT,South East,England,0.44773899707208253,0.16603150996886182,0.31458846493470277,,,,,,,0.07164102802435283,43034
244,566,GOWER,Wales,Wales,0.2549946891912397,0.18438622224470183,0.4245106469070861,,0.07811946790754135,,,,,0.05798897374943098,39542
245,346,GRANTHAM & STAMFORD,East Midlands,England,0.4689375782128237,0.16624599656393832,0.31102721276009077,,,,,,,0.053789212463147176,47147
246,84,GRAVESHAM,South East,England,0.43690652736891034,0.10737289448637641,0.4224307753602337,,,,,,,0.033289802784479516,45179
247,372,GREAT GRIMSBY,Yorkshire and the Humber,England,0.238381264409659,0.19281640577599807,0.470573959470938,,,,,,,0.09822837034340492,32964
248,125,GREAT YARMOUTH,Eastern,England,0.3817245879452849,0.11080767557639325,0.4555560926095993,,,,,,,0.05191164386872251,41378
249,171,GREENWICH & WOOLWICH,London,England,0.20053348308297067,0.20724413870560157,0.49212410501193316,,,,,,,0.10009827319949459,35615
250,102,GUILDFORD,South East,England,0.43762468284557726,0.43090391431504327,0.09788692839573125,,,,,,,0.0335844744436482,51631
251,172,HACKNEY NORTH & STOKE NEWINGTON,London,England,0.14356705241660994,0.23284547311095985,0.4856364874063989,,,,,,,0.13795098706603132,29380
252,173,HACKNEY SOUTH & SHOREDITCH,London,England,0.14033563917237957,0.2123026336197537,0.5288333281632907,,,,,,,0.11852839904457611,32237
253,311,HALESOWEN & ROWLEY REGIS,West Midlands,England,0.3606842984005614,0.1259225203861882,0.4656277978077286,,,,,,,0.04776538340552181,41327
254,409,HALIFAX,Yorkshire and the Humber,England,0.3318792707834287,0.17902619834085579,0.41803878060465466,,,,,,,0.0710557502710608,39659
255,373,HALTEMPRICE & HOWDEN,Yorkshire and the Humber,England,0.474546628078869,0.36802764996148163,0.12708988319556935,,,,,,,0.030335838764080036,48029
256,429,HALTON,North West,England,0.20050902495392448,0.17169353187256822,0.6277974431735073,,,,,,,,34183
257,174,HAMMERSMITH & FULHAM,London,England,0.45425426237152067,0.14426176333448212,0.35230198471425384,,,,,,,0.049181989579743346,49327
258,175,HAMPSTEAD & HIGHGATE,London,England,0.2851753857438504,0.26964084562387025,0.38286223246797474,,,,,,,0.062321536164304615,38173
259,337,HARBOROUGH,East Midlands,England,0.42852969408622343,0.3473143858770502,0.19243771128083134,,,,,,,0.031718208755895,47922
260,37,HARLOW,Eastern,England,0.4116477487227242,0.12589031787179422,0.4140890443711776,,,,,,,0.04837288903430398,39733
261,378,HARROGATE & KNARESBOROUGH,Yorkshire and the Humber,England,0.3192869475943814,0.5626254141583835,0.08462830743385133,,,,,,,0.03345933081338373,42858
262,176,HARROW EAST,London,England,0.3682387895244279,0.15243098597091867,0.46130688861342306,,,,,,,0.018023335891230348,50823
263,177,HARROW WEST,London,England,0.38254569819301076,0.171444125714525,0.42500889884629073,,,,,,,0.021001277246173497,47759
264,500,HARTLEPOOL,North East,England,0.1145163110960605,0.30401286826955637,0.5150412010384919,,,,,,,0.06642961959589118,35436
265,38,HARWICH,Eastern,England,0.4212624980161879,0.11730280907792413,0.4030114267576575,,,,,,,0.058423266148230436,50408
266,26,HASTINGS & RYE,South East,England,0.37394195888754533,0.1506604036833783,0.4210538554553065,,,,,,,0.054343781973769885,43004
267,53,HAVANT,South East,England,0.44424560470121643,0.2021232860148485,0.28686126091267444,,,,,,,0.06676984837126067,41351
268,178,HAYES & HARLINGTON,London,England,0.2519991355089691,0.09799623328907962,0.5868967859458458,,,,,,,0.06310784525610547,32389
269,445,HAZEL GROVE,North West,England,0.29672520898841936,0.4947976583071299,0.17470664928292046,,,,,,,0.03377048342153028,39117
270,65,HEMEL HEMPSTEAD,Eastern,England,0.4033285216948289,0.17171181115734058,0.3927358410461068,,,,,,,0.032223826101723696,47108
271,410,HEMSWORTH,Yorkshire and the Humber,England,0.22148836703631225,0.15671885192433138,0.5878995433789954,,,,,,,0.033893237660360946,36792
272,179,HENDON,London,England,0.379956499916346,0.13936757570687636,0.4444656899065465,,,,,,,0.036210234470231126,41839
273,94,HENLEY,South East,England,0.5349291961235146,0.2600296538238391,0.1474525646259965,,,,,,,0.05758858542664976,46537
274,266,HEREFORD,West Midlands,England,0.4120569795709472,0.4325713310871327,0.10235851068366955,,,,,,,0.053013178658250525,46894
275,66,HERTFORD & STORTFORD,Eastern,England,0.5045882637044192,0.18371166384931176,0.2410247122273203,,,,,,,0.07067536021894873,49692
276,67,HERTSMERE,Eastern,England,0.5323921826552663,0.1836183406934135,0.2718218547402048,,,,,,,0.012167621911115287,42572
277,515,HEXHAM,North East,England,0.4240840218726664,0.2571001854840652,0.3031580468768819,,,,,,,0.015657745766386434,41513
278,446,HEYWOOD & MIDDLETON,North West,England,0.21394003021534838,0.18592681740199216,0.4977338488720457,,,,,,,0.10239930351061378,39053
279,330,HIGH PEAK,East Midlands,England,0.3815639440676949,0.20004400968213007,0.39626717877933143,,,,,,,0.022124867470843586,49989
280,68,HITCHIN & HARPENDEN,Eastern,England,0.4985966615316437,0.258172072509338,0.22155865532741048,,,,,,,0.021672610631607823,47387
281,180,HOLBORN & ST PANCRAS,London,England,0.18865508309322157,0.2930818708344248,0.4324049011903722,,,,,,,0.08585814488198143,34359
282,181,HORNCHURCH,London,England,0.4284890880033535,0.07582069218475726,0.41591343760643457,,,,,,,0.07977678220545469,38169
283,182,HORNSEY & WOOD GREEN,London,England,0.12706528628776675,0.4333826325797591,0.3827804774984154,,,,,,,0.05677160363405874,47330
284,115,HORSHAM,South East,England,0.49986237269474265,0.2681530415634462,0.17102486466648317,,,,,,,0.06095972107532801,54495
285,519,HOUGHTON & WASHINGTON EAST,North East,England,0.13754539689859918,0.18000230587421456,0.643050671585865,,,,,,,0.03940162564132126,34694
286,27,HOVE,South East,England,0.3653451201000089,0.17863202071613538,0.37472095722832394,,,,,,,0.08130190195553175,44796
287,411,HUDDERSFIELD,Yorkshire and the Humber,England,0.21742987979393247,0.22867773325701202,0.4676874642243847,,,,,,,0.08620492272467087,34940
288,119,HUNTINGDON,Eastern,England,0.5083368308596283,0.263249265519478,0.18735930405585868,,,,,,,0.04105459956503491,52418
289,469,HYNDBURN,North West,England,0.31810692286243,0.1413724048771832,0.4597328195898502,,,,,,,0.08078785267053665,39449
290,183,ILFORD NORTH,London,England,0.4367674418604651,0.13711627906976745,0.39832558139534885,,,,,,,0.027790697674418604,43000
