,id,Constituency,Country/Region,Country,Con Vote,Liberal Vote,Labour Vote,UKIP Vote,Green Vote,SNP Vote,PC Vote,DUP Vote,Sinn Fein Vote,SDLP Vote,UUP Vote,Alliance Vote,Other Vote,Total votes
0,E14000530,ALDERSHOT,South East,England,0.4671910805570245,0.3441080557024502,0.12094570773841001,0.04497179622774546,,,,,,,,,0.02278335977436982,45384
1,E14000531,ALDRIDGE-BROWNHILLS,West Midlands,England,0.5930786353988715,0.1768649376197132,0.19793446187296165,,0.021923694155407153,,,,,,,,0.01019827095304654,38634
2,E14000532,ALTRINCHAM AND SALE WEST,North West,England,0.4894620695240216,0.2547122061830624,0.22418156418925758,0.03164416010365841,,,,,,,,,,49393
3,E14000533,AMBER VALLEY,East Midlands,England,0.3861351668915096,0.14439270638408983,0.374472344314374,0.019713651594934507,,,,,,,,,0.07528613081509204,45958
4,E14000534,ARUNDEL AND SOUTH DOWNS,South East,England,0.5775606444928727,0.2794112393269265,0.086367046550677,0.056661069629523775,,,,,,,,,,55982
5,E14000535,ASHFIELD,East Midlands,England,0.22196862810191717,0.33295294215287574,0.3369366752427587,0.019358452983650097,,,,,,,,,0.08878330151879824,48196
6,E14000536,ASHFORD,South East,England,0.5414152396484552,0.22797861737791067,0.1667844522968198,0.045447132372927426,0.018374558303886925,,,,,,,,,55185
7,E14000537,ASHTON-UNDER-LYNE,North West,England,0.24745004163197334,0.14839196502914237,0.4840757701915071,0.04386969192339717,,,,,,,,,0.07621253122398002,38432
8,E14000538,AYLESBURY,South East,England,0.5217260449193033,0.2843760580866032,0.12593581881795268,0.06796207817614085,,,,,,,,,,53162
9,E14000539,BANBURY,South East,England,0.5281378353869952,0.20405042584591312,0.1915506481036966,0.04989242723280169,0.01705161714763251,,,,,,,,0.009317046282960829,56241
10,E14000540,BARKING,London,England,0.17804291731910107,0.0820192753015901,0.543148887369605,0.028670357056215953,0.006991156297554198,,,,,,,,0.16112740665593367,45343
11,E14000541,BARNSLEY CENTRAL,Yorkshire and The Humber,England,0.172643982595065,0.17280614037458447,0.47260884840950246,0.04667441420502148,,,,,,,,,0.1352666144158266,37001
12,E14000542,BARNSLEY EAST,Yorkshire and The Humber,England,0.16487782003855572,0.18155056531026936,0.4704579794716824,0.045094565727088004,,,,,,,,,0.13801906945240452,38386
13,E14000543,BARROW AND FURNESS,North West,England,0.363022391442299,0.10026289547638473,0.48105339497778987,0.01905992203789321,0.012011603662405947,,,,,,,,0.02458979240322727,44124
14,E14000544,BASILDON AND BILLERICAY,Eastern,England,0.527364141547788,0.15728066588082465,0.23055642425846185,0.038273713584642405,,,,,,,,,0.0465250547282831,41569
15,E14000545,BASINGSTOKE,South East,England,0.5051920874955581,0.24507442650136219,0.20387333675524144,0.040983930193074586,,,,,,,,,0.004876219054763691,50654
16,E14000546,BASSETLAW,East Midlands,England,0.3389273251709462,0.11235048510397967,0.5046291627165823,0.035883575044879684,,,,,,,,,0.008209451963612158,49577
17,E14000547,BATH,South West,England,0.31363887355052456,0.5660068810262073,0.06904387716093956,0.01890158433504651,0.023786263432867518,,,,,,,,0.008622520494414476,47086
18,E14000548,BATLEY AND SPEN,Yorkshire and The Humber,England,0.3357334324678628,0.15838697685339176,0.42194134105539144,,0.01183744545970377,,,,,,,,0.07210080416365024,51109
19,E14000549,BATTERSEA,London,England,0.4734997540580423,0.147073290703394,0.3510001639613051,0.010350057386456796,0.011456796196097721,,,,,,,,0.00661993769470405,48792
20,E14000550,BEACONSFIELD,South East,England,0.6106496475519146,0.19567536673652125,0.11687940560106687,0.0494760906839398,0.014631358353972185,,,,,,,,0.012688131072585254,52490
21,E14000551,BECKENHAM,London,England,0.5787233150190831,0.20578366816256344,0.14454976303317535,0.0325252694711236,0.012750073396804094,,,,,,,,0.025667910917250347,47686
22,E14000552,BEDFORD,Eastern,England,0.3890293113387433,0.19859429737040485,0.3590306416566893,0.0251873531107268,0.00871358254622855,,,,,,,,0.01944481397720722,45102
23,E14000553,BERMONDSEY AND OLD SOUTHWARK,London,England,0.1710599986562451,0.483527804528454,0.2924906497054937,,0.016080266959306623,,,,,,,,0.03684128015050055,44651
24,E14000554,BERWICK-UPON-TWEED,North East,England,0.3672311974817243,0.4372122063529228,0.13166315460860065,0.032336949452379096,,,,,,,,,0.03155649210437316,38439
25,E14000555,BETHNAL GREEN AND BOW,London,England,0.13939047468853494,0.20126951584923514,0.42942753508910264,,0.01687431004573411,,,,,,,,0.21303816432739314,50728
26,E14000556,BEVERLEY AND HOLDERNESS,Yorkshire and The Humber,England,0.4711178781556044,0.22699674805917405,0.2109814094249892,0.03468110302825241,0.012894979228932875,,,,,,,,0.04332788210304705,53199
27,E14000557,BEXHILL AND BATTLE,South East,England,0.5156355908916043,0.27968197556194696,0.11951563559089161,,,,,,,,,,0.08516679795555718,54587
28,E14000558,BEXLEYHEATH AND CRAYFORD,London,England,0.5047010328377565,0.12741420036126164,0.2651567782872493,0.03605669028761984,0.008591542772451484,,,,,,,,0.05807975545366125,43182
29,E14000559,BIRKENHEAD,North West,England,0.18931008125017693,0.1855448291481471,0.6251450896016759,,,,,,,,,,,35323
30,E14000560,"BIRMINGHAM, EDGBASTON",West Midlands,England,0.37574270525125686,0.15364075918308437,0.40638906930311997,0.0176084289528758,0.011281903249861683,,,,,,,,0.0353371340598013,41571
31,E14000561,"BIRMINGHAM, ERDINGTON",West Midlands,England,0.32611264277274515,0.1615371631125865,0.41830304394305967,0.02368761604681258,,,,,,,,,0.07035953412479604,35546
32,E14000562,"BIRMINGHAM, HALL GREEN",West Midlands,England,0.1502247214070228,0.24602376505838652,0.3291604244053605,0.019496377778233834,,,,,,,,,0.2550947113509964,48727
33,E14000563,"BIRMINGHAM, HODGE HILL",West Midlands,England,0.1162177434545112,0.27724147673761534,0.51980128084385,0.016811075532115277,,,,,,,,,0.06992842343190808,42472
34,E14000564,"BIRMINGHAM, LADYWOOD",West Midlands,England,0.119359249853487,0.27474674183015657,0.5567493651103731,0.025172327184438924,0.023972316021544385,,,,,,,,,35833
35,E14000565,"BIRMINGHAM, NORTHFIELD",West Midlands,England,0.33622710097096664,0.15664609939254795,0.4027598412015115,0.03259673793466303,0.009709666618835797,,,,,,,,0.062060553881475106,41814
36,E14000566,"BIRMINGHAM, PERRY BARR",West Midlands,England,0.21310500654061126,0.21962183374955405,0.5028421928885718,0.03983826852182186,,,,,,,,,0.024592698299441076,42045
37,E14000567,"BIRMINGHAM, SELLY OAK",West Midlands,England,0.3107188110731697,0.22273049416919014,0.3854992161158001,0.02428967205721281,0.0142602495543672,,,,,,,,0.042501557030260075,46563
38,E14000568,"BIRMINGHAM, YARDLEY",West Midlands,England,0.19182374541003672,0.39564259485924114,0.32215422276621786,0.029130966952264383,,,,,,,,,0.0612484700122399,40850
39,E14000569,BISHOP AUCKLAND,North East,England,0.2626653053286659,0.22338098016336055,0.38951283547257876,0.0272024504084014,,,,,,,,,0.09723842862699339,41136
40,E14000570,BLACKBURN,North West,England,0.26143431723774146,0.15204729774280754,0.4780544627354447,0.020703751730807272,,,,,,,,,0.08776017055319897,45499
41,E14000571,BLACKLEY AND BROUGHTON,North West,England,0.18301952987954626,0.14211788094959654,0.5427143024207695,0.026137293883756286,,,,,,,,,0.10601099286633142,34204
42,E14000572,BLACKPOOL NORTH AND CLEVELEYS,North West,England,0.41792515582271933,0.13303441649626765,0.36495774925476093,0.040871129068020005,,,,,,,,,0.04321154935823212,40591
43,E14000573,BLACKPOOL SOUTH,North West,England,0.3579506706069561,0.1444078199590816,0.4105762673334849,0.03841782223232553,,,,,,,,,0.04864741986815185,35192
44,E14000574,BLAYDON,North East,England,0.15939705653151648,0.29345623761494444,0.4964486896889542,,,,,,,,,,0.050698016164584865,44913
45,E14000575,BLYTH VALLEY,North East,England,0.1662604366540476,0.271949385469066,0.44484779339314423,0.043172742830472434,,,,,,,,,0.07376964165326971,38566
46,E14000576,BOGNOR REGIS AND LITTLEHAMPTON,South East,England,0.5141082557841714,0.23529411764705882,0.14044224366088962,0.06479979509946214,,,,,,,,,0.045355587808417995,46852
47,E14000577,BOLSOVER,East Midlands,England,0.24579430753841958,0.15506501773210876,0.5,0.03912430662908066,,,,,,,,,0.060016368100391015,43988
48,E14000578,BOLTON NORTH EAST,North West,England,0.3647665041476997,0.12995355500612335,0.4591353374771819,0.04193913626175567,,,,,,,,,0.004205467107239411,43277
49,E14000579,BOLTON SOUTH EAST,North West,England,0.2562367437632562,0.1587970912029088,0.47424502575497424,0.03949096050903949,0.015503484496515504,,,,,,,,0.055726694273305726,39604
50,E14000580,BOLTON WEST,North West,England,0.38328148646376325,0.17187237262485286,0.38521523457205314,0.039957121237598786,0.011455355641499916,,,,,,,,0.00821842946023205,47576
51,E14000581,BOOTLE,North West,England,0.08910531288611091,0.15129490999830414,0.6644378225161712,0.06090558906897304,,,,,,,,,0.03425636553044068,41277
52,E14000582,BOSTON AND SKEGNESS,East Midlands,England,0.4944927536231884,0.14773333333333333,0.2063536231884058,0.09463188405797102,,,,,,,,,0.05678840579710145,43125
53,E14000583,BOSWORTH,East Midlands,England,0.426207760622029,0.3334930169141762,0.15981869771898147,0.020230681357556103,,,,,,,,,0.06024984338725725,54274
54,E14000584,BOURNEMOUTH EAST,South West,England,0.4842813011084863,0.3087406868980556,0.13256405596947118,0.06875795020897692,,,,,,,,,0.005656005815009995,44024
55,E14000585,BOURNEMOUTH WEST,South West,England,0.45147507141314003,0.31745841234787203,0.14813125615113182,0.07198924602126791,,,,,,,,,0.010946014066588253,41659
56,E14000586,BRACKNELL,South East,England,0.524148381156974,0.2229361669479822,0.16792619303360443,0.044057848703391134,0.015747276354150682,,,,,,,,0.025184133803897498,52136
57,E14000587,BRADFORD EAST,Yorkshire and The Humber,England,0.268433151247003,0.33707393034579924,0.3280520058333539,,,,,,,,,,0.06644091257384384,40457
58,E14000588,BRADFORD SOUTH,Yorkshire and The Humber,England,0.29109093301750233,0.18286616660086855,0.4127385182260824,0.03524147914199237,,,,,,,,,0.07806290301355441,37995
59,E14000589,BRADFORD WEST,Yorkshire and The Humber,England,0.31146490536277605,0.11662066246056782,0.4534946766561514,0.020011829652996846,0.02316640378548896,,,,,,,,0.07524152208201892,40576
60,E14000590,BRAINTREE,Eastern,England,0.5264109911997236,0.1879356949779485,0.1987683677824523,0.05034245879316302,0.014592606141901917,,,,,,,,0.021949881104810682,49203
61,E14000591,BRENT CENTRAL,London,England,0.11179754208679919,0.441850715972023,0.41217483396950777,,0.014738653663702755,,,,,,,,0.019438254307967258,45323
62,E14000592,BRENT NORTH,London,England,0.31523194003594784,0.1697770469234005,0.4687368541818043,0.007266052239091361,0.013862862824582201,,,,,,,,0.02512524379517381,52298
63,E14000593,BRENTFORD AND ISLEWORTH,London,England,0.37239840044638706,0.23654794010973682,0.3359806565609597,0.016051334511299174,0.01463777550451037,,,,,,,,0.024383892867106852,53765
64,E14000594,BRENTWOOD AND ONGAR,Eastern,England,0.5691216002530044,0.2346616065781151,0.09867172675521822,0.040263282732447815,0.011543327008222644,,,,,,,,0.04573845667299178,50592
65,E14000595,BRIDGWATER AND WEST SOMERSET,South West,England,0.4528104527186978,0.2830822307452333,0.1712513533848384,0.04778595415924981,0.01576349255867726,,,,,,,,0.02930651643330336,54493
66,E14000596,BRIGG AND GOOLE,Yorkshire and The Humber,England,0.4485572320736655,0.14619136618498427,0.33124401695765143,0.03986415644801021,,,,,,,,,0.034143228335688565,43874
67,E14000597,"BRIGHTON, KEMPTOWN",South East,England,0.3797447605666784,0.18009600749326776,0.34864769933263084,0.0324083830933146,0.05456035593021894,,,,,,,,0.004542793583889474,42705
68,E14000598,"BRIGHTON, PAVILION",South East,England,0.23681367442219392,0.13811397924142454,0.28911525253694487,0.018289153837249682,0.3132692827101902,,,,,,,,0.004398657251996759,51834
69,E14000599,BRISTOL EAST,South West,England,0.2832041228869094,0.24419663682608791,0.36588399937801275,0.03354288379945354,0.01783770575560344,,,,,,,,0.05533465135393296,45017
70,E14000600,BRISTOL NORTH WEST,South West,England,0.37974809281627464,0.3147051811824539,0.2594365861411316,0.023343134138588684,0.010151780038143675,,,,,,,,0.012615225683407501,50336
71,E14000601,BRISTOL SOUTH,South West,England,0.2291584844037456,0.28662380883477684,0.38448022820761935,0.026128118734109185,0.025135911693573394,,,,,,,,0.04847344812617566,48377
72,E14000602,BRISTOL WEST,South West,England,0.18373172891032938,0.4804777133358628,0.27511879596003397,0.011834426436843912,0.0377617576381737,,,,,,,,0.01107557771875621,55347
73,E14000603,BROADLAND,Eastern,England,0.46203204495405875,0.3236008808565571,0.13833624420988685,0.045219834459716,0.014275951097273901,,,,,,,,0.016535044422507403,52676
74,E14000604,BROMLEY AND CHISLEHURST,London,England,0.5352090287712605,0.21956536548811226,0.1656561527806163,0.03294956513840634,0.013783863569271295,,,,,,,,0.032836024252333264,44037
75,E14000605,BROMSGROVE,West Midlands,England,0.4369165214022855,0.19608754600038736,0.2178965717606043,0.05713732326166957,,,,,,,,,0.09196203757505327,51630
76,E14000606,BROXBOURNE,Eastern,England,0.5879363966884226,0.13375531122694817,0.17609181304481142,0.041394717245608656,,,,,,,,,0.06082176179420912,45658
77,E14000607,BROXTOWE,East Midlands,England,0.3904071917613367,0.16892673582794393,0.3830295673943141,0.022644944715231284,0.008022455288561837,,,,,,,,0.026969105012612134,52727
78,E14000608,BUCKINGHAM,South East,England,0.0,0.0,0.0,0.17380779973104377,,,,,,,,,0.8261922002689562,48335
79,E14000609,BURNLEY,North West,England,0.16608913848727447,0.3568407217110766,0.31339467080893774,0.022200979806428486,,,,,,,,,0.14147448918628272,41845
80,E14000610,BURTON,West Midlands,England,0.44533649117877283,0.15838066756317362,0.31880858238163096,0.029123095758986813,,,,,,,,,0.04835116311743572,49823
81,E14000611,BURY NORTH,North West,England,0.4019038722448344,0.17003625364204533,0.3520161918106804,0.028513600676141546,,,,,,,,,0.04753008162629835,44961
82,E14000612,BURY SOUTH,North West,England,0.3359645306316945,0.18223631052271738,0.40416847949945095,0.021070296475853068,0.010214017858992687,,,,,,,,0.04634636501129136,48267
83,E14000613,BURY ST EDMUNDS,Eastern,England,0.47513539289485335,0.2642971490854593,0.166490684287612,0.05114275009366804,0.0429340236384073,,,,,,,,,58718
84,E14000614,CALDER VALLEY,Yorkshire and The Humber,England,0.3939165701042874,0.2517767477790653,0.2697180378524527,0.02265353418308227,0.01657010428736964,,,,,,,,0.04536500579374276,51780
85,E14000615,CAMBERWELL AND PECKHAM,London,England,0.13030712188430957,0.22357958807518377,0.5919329604149253,,0.029169077777063374,,,,,,,,0.02501125184851797,46659
86,E14000616,CAMBORNE AND REDRUTH,South West,England,0.37580307344739133,0.3742498764502389,0.16343868401854422,0.05064363542230485,0.013672840232508884,,,,,,,,0.02219189042901184,42493
87,E14000617,CAMBRIDGE,Eastern,England,0.2559146219828446,0.39140235387991223,0.2428485936564931,0.02383802114502294,0.07588270496708557,,,,,,,,0.010113704368641532,50130
88,E14000618,CANNOCK CHASE,West Midlands,England,0.40104040913979677,0.16971399723435546,0.33091156522311727,0.03468030465989157,,,,,,,,,0.06365372374283895,45559
89,E14000619,CANTERBURY,South East,England,0.448088764250442,0.32518441748460647,0.16135259810197322,0.038753073624743443,0.02310552947631531,,,,,,,,0.0035156170619195675,49209
90,E14000620,CARLISLE,North West,England,0.3931042654028436,0.15561611374407583,0.3728909952606635,0.022962085308056872,0.014549763033175355,,,,,,,,0.04087677725118483,42200
91,E14000621,CARSHALTON AND WALLINGTON,London,England,0.36848294786358293,0.4830349753909142,0.08743847728559606,0.029356679297878826,0.007731172960494795,,,,,,,,0.023955747201533168,45918
92,E14000622,CASTLE POINT,Eastern,England,0.439879180917692,0.09399013903078221,0.1467818593701417,,,,,,,,,,0.3193488206813841,45026
93,E14000623,CENTRAL DEVON,South West,England,0.5148590202884562,0.34353015425166594,0.06895847641675792,0.0532734393852208,0.019378909657899134,,,,,,,,,53873
94,E14000624,CENTRAL SUFFOLK AND NORTH IPSWICH,Eastern,England,0.5077686259827779,0.24970048670909772,0.16166229876450766,0.04419692998876825,0.027180831149382252,,,,,,,,0.009490827405466118,53420
95,E14000625,CHARNWOOD,East Midlands,England,0.4960591685032311,0.2153636397594412,0.196780097867095,0.03359979081842292,,,,,,,,,0.05819730305180979,53542
96,E14000626,CHATHAM AND AYLESFORD,South East,England,0.4617983427306138,0.13312940854201383,0.3232588399114297,0.02999520624557719,0.009039651197297235,,,,,,,,0.042778551373068234,43807
97,E14000627,CHEADLE,North West,England,0.40838284582571605,0.47069241316270566,0.09369287020109689,0.027231870810481413,,,,,,,,,,52512
98,E14000628,CHELMSFORD,Eastern,England,0.4617258622900372,0.36812411847672777,0.10953785283827597,0.027970618943820635,0.008719066546993203,,,,,,,,0.02392248090414522,54593
99,E14000629,CHELSEA AND FULHAM,London,England,0.6045012043356082,0.1624096748293858,0.18494078683259735,0.011993175431553593,0.016835608189482137,,,,,,,,0.01931955038137294,39856
100,E14000630,CHELTENHAM,South West,England,0.4118326829083469,0.5050392149433562,0.05120675936801425,0.022581745159701436,,,,,,,,,0.009339597620581215,52786
101,E14000631,CHESHAM AND AMERSHAM,South East,England,0.6036534207917016,0.28502783921897645,0.05609793303333079,0.040595683014262834,0.014625123941728319,,,,,,,,,52444
102,E14000632,CHESTERFIELD,East Midlands,England,0.15737690612796965,0.3783241344706473,0.3903008355330614,0.031239773991579223,0.013089290778594647,,,,,,,,0.029669059098147866,45839
103,E14000633,CHICHESTER,South East,England,0.5534189163012662,0.2738302780565975,0.10454857625865074,0.06820222938348566,,,,,,,,,,56787
104,E14000634,CHINGFORD AND WOODFORD GREEN,London,England,0.5276063657031503,0.16800445413631512,0.22688256855194172,0.026284043984596113,0.015079107316846843,,,,,,,,0.036143460307149815,43106
105,E14000635,CHIPPENHAM,South West,England,0.4104228309630619,0.45757373293881837,0.06910375107378067,0.03403646081893672,0.00851388756323375,,,,,,,,0.02034933664216856,52385
106,E14000636,CHIPPING BARNET,London,England,0.4880651280429972,0.20158868163136262,0.2523909263357572,0.02849351881125514,0.020174675940562756,,,,,,,,0.009287069238065129,50608
107,E14000637,CHORLEY,North West,England,0.38015831558645075,0.13977176839313699,0.43225378711777235,0.04060352794631735,,,,,,,,,0.007212600956322578,49774
108,E14000638,CHRISTCHURCH,South West,England,0.5643516270033997,0.25250930872591876,0.0981261129998381,0.08501295127084345,,,,,,,,,,49416
109,E14000639,CITIES OF LONDON AND WESTMINSTER,London,England,0.5216214020741382,0.2050851588096721,0.22171075789986733,0.017979475237605264,0.021066312853700142,,,,,,,,0.012536893125016924,36931
110,E14000640,CITY OF CHESTER,North West,England,0.4059628125667878,0.1908527463133148,0.3507587091258816,0.026180807864928404,0.011434067108356486,,,,,,,,0.014810857020730926,46790
111,E14000641,CITY OF DURHAM,North East,England,0.13288074029231167,0.37682694802386923,0.44313759404998704,0.018507307792095477,,,,,,,,,0.028647409841736575,46252
112,E14000642,CLACTON,Eastern,England,0.5302738677735779,0.12932773693852467,0.2504232080328363,,0.012406372469447858,,,,,,,,0.07756881478561324,43123
113,E14000643,CLEETHORPES,Yorkshire and The Humber,England,0.42118489525419206,0.18218209313703687,0.3256015656273629,0.07103144598140818,,,,,,,,,,44966
114,E14000644,COLCHESTER,Eastern,England,0.32876742018682675,0.4800927631721537,0.12310626584884804,0.029259411777455082,0.015041505017447278,,,,,,,,0.02373263399726912,46139
115,E14000645,COLNE VALLEY,Yorkshire and The Humber,England,0.36964699074074076,0.2821723090277778,0.2638346354166667,0.021032262731481483,0.015679253472222224,,,,,,,,0.04763454861111111,55296
116,E14000646,CONGLETON,North West,England,0.4578574241827491,0.31876723119338324,0.17225285545490351,0.04228042536431666,,,,,,,,,0.008842063804647499,50780
117,E14000647,COPELAND,North West,England,0.3708135648678337,0.10201696777058453,0.4603968495103653,0.02323135531820413,0.009091546497768013,,,,,,,,0.03444971603524435,42787
118,E14000648,CORBY,East Midlands,England,0.42197064680286156,0.14444280551663102,0.3870307544804189,,,,,,,,,,0.0465557932000885,54236
119,E14000649,COVENTRY NORTH EAST,West Midlands,England,0.2214922896065279,0.16619413134176983,0.49291197012654725,0.029758200216674736,,,,,,,,,0.08964340870848028,43383
120,E14000650,COVENTRY NORTH WEST,West Midlands,England,0.29312714776632304,0.17920962199312715,0.4281786941580756,0.02781357388316151,0.010674398625429554,,,,,,,,0.06099656357388316,46560
121,E14000651,COVENTRY SOUTH,West Midlands,England,0.33429143802804634,0.1802543332462329,0.41801672328194406,0.03847661353540632,0.013914293180036582,,,,,,,,0.01504659872833377,45924
122,E14000652,CRAWLEY,South East,England,0.44762546311889523,0.14407207814078815,0.32283597170764566,0.029092286965308186,0.012588413607275176,,,,,,,,0.04378578646008757,47504
123,E14000653,CREWE AND NANTWICH,North West,England,0.4584605747396445,0.14987080103359174,0.34010649126928194,0.02767989977292303,,,,,,,,,0.023882233184558767,51084
124,E14000654,CROYDON CENTRAL,London,England,0.3939637989006785,0.13193871182072603,0.3359977449815773,0.02007369078059879,0.01169790806773109,,,,,,,,0.10632814544868827,49667
125,E14000655,CROYDON NORTH,London,England,0.24123384162860903,0.13983280439662513,0.5601633253347782,0.017242046598033904,0.019680315813917486,,,,,,,,0.021847666228036227,51676
126,E14000656,CROYDON SOUTH,London,England,0.5092858918362274,0.22843649018145662,0.20040126415965342,0.04445864848549412,0.017417705337168424,,,,,,,,,56322
127,E14000657,DAGENHAM AND RAINHAM,London,England,0.3432582745523603,0.08604630132031109,0.40271748960028936,0.03547205642973413,0.0066919877012117926,,,,,,,,0.12581389039609334,44232
128,E14000658,DARLINGTON,North East,England,0.3147845953002611,0.23419433047370383,0.393766318537859,0.027834763148079075,,,,,,,,,0.02941999254009698,42896
129,E14000659,DARTFORD,South East,England,0.48777955271565493,0.14698482428115017,0.2755591054313099,0.03678115015974441,,,,,,,,,0.05289536741214058,50080
130,E14000660,DAVENTRY,East Midlands,England,0.5649940124386758,0.19438328118360568,0.15776258353613784,0.045061227643218606,0.014872329740796539,,,,,,,,0.022926565457565575,51774
131,E14000661,DENTON AND REDDISH,North West,England,0.24870466321243523,0.17874319117842433,0.5099242726185731,0.054736282715557326,,,,,,,,,0.007891590275009965,37635
132,E14000662,DERBY NORTH,East Midlands,England,0.3168367346938776,0.2803460514640639,0.33043478260869563,0.018389529724933452,,,,,,,,,0.05399290150842946,45080
133,E14000663,DERBY SOUTH,East Midlands,England,0.2847674079829076,0.2046712634747985,0.43340293289307563,0.044211906380499176,,,,,,,,,0.03294648926871904,41188
134,E14000664,DERBYSHIRE DALES,East Midlands,England,0.5211201368106029,0.22471141513467294,0.19369388627618642,0.038029072253099615,0.016502778965369815,,,,,,,,0.005942710560068405,46780
135,E14000665,DEVIZES,South West,England,0.5506905481225723,0.27004747518342687,0.10166163141993957,0.04479930945187743,0.017544238239102287,,,,,,,,0.015256797583081572,46340
136,E14000666,DEWSBURY,Yorkshire and The Humber,England,0.34991112427788473,0.16941934528218042,0.321656050955414,,0.01571989334913346,,,,,,,,0.14329358613538734,54008
137,E14000667,DON VALLEY,Yorkshire and The Humber,England,0.296568401658222,0.1709350529709811,0.3793643482266237,0.04385076001842469,,,,,,,,,0.1092814371257485,43420
138,E14000668,DONCASTER CENTRAL,Yorkshire and The Humber,England,0.24769433465085638,0.21068391424122648,0.3969098095580309,0.034040004790992937,,,,,,,,,0.11067193675889328,41745
139,E14000669,DONCASTER NORTH,Yorkshire and The Humber,England,0.21039944073475883,0.1488320516838223,0.4733746353928115,0.04331894993129716,,,,,,,,,0.12407492225731022,41483
140,E14000670,DOVER,South East,England,0.4400912970129999,0.15802322119678475,0.33541728689093975,0.03467301776322318,,,,,,,,,0.0317951771360524,50385
141,E14000671,DUDLEY NORTH,West Midlands,England,0.36977358686078443,0.10533132998290244,0.38658618724418425,0.08463292057406352,,,,,,,,,0.05367597533806538,38602
142,E14000672,DUDLEY SOUTH,West Midlands,England,0.43102318878553647,0.1569238831390017,0.3299882090921001,0.08206471898336172,,,,,,,,,,38165
143,E14000673,DULWICH AND WEST NORWOOD,London,England,0.22159538723192435,0.27162235035466875,0.4658605384328203,0.014663790600240595,0.026257933380345957,,,,,,,,,48214
144,E14000674,EALING CENTRAL AND ACTON,London,England,0.38016949152542373,0.27629237288135594,0.3014406779661017,0.01620762711864407,0.015614406779661017,,,,,,,,0.010275423728813559,47200
145,E14000675,EALING NORTH,London,England,0.3087797306934016,0.13177985653760643,0.5038592222828139,0.0143672133898234,0.010591887243592432,,,,,,,,0.03062208985276228,47678
146,E14000676,"EALING, SOUTHALL",London,England,0.2978061558611657,0.14928898867995136,0.5151089905510338,,0.016488913836654503,,,,,,,,0.021306951071194687,42756
147,E14000677,EASINGTON,North East,England,0.13719424872543964,0.1603081858280346,0.5894197170189609,0.0467147849000401,,,,,,,,,0.06636306352752477,34914
148,E14000678,EAST DEVON,South West,England,0.48334965719882467,0.3116853763278837,0.10775634747231222,0.08185790702930762,0.015350711971671815,,,,,,,,,53092
149,E14000679,EAST HAM,London,England,0.15176781212157306,0.1161137911182578,0.7041669148154766,,0.01163321620709507,,,,,,,,0.016318265737597523,50373
150,E14000680,EAST HAMPSHIRE,South East,England,0.5677845548258862,0.30477229767913167,0.07878480815324357,0.028781885145273495,,,,,,,,,0.01987645419646511,51317
151,E14000681,EAST SURREY,South East,England,0.56747803806735,0.2586566617862372,0.09013543191800878,0.06899707174231333,,,,,,,,,0.014732796486090776,54640
152,E14000682,EAST WORTHING AND SHOREHAM,South East,England,0.48469946484286214,0.2552430935801806,0.16709713411988347,0.061656714259148294,0.023265904911461455,,,,,,,,0.008037688286464038,48397
153,E14000683,EAST YORKSHIRE,Yorkshire and The Humber,England,0.4746556366332384,0.21153470948608888,0.20293050298513288,0.041791860147500685,0.014867132321379794,,,,,,,,0.054220158426659386,51254
154,E14000684,EASTBOURNE,South East,England,0.40716368659350777,0.47306423144808535,0.04790499577929552,0.02503645153863863,,,,,,,,,0.04683063464047272,52124
155,E14000685,EASTLEIGH,South East,England,0.39332712022367194,0.46534948741845295,0.0960484622553588,0.036029822926374654,,,,,,,,,0.00924510717614166,53650
156,E14000686,EDDISBURY,North West,England,0.5168450257629805,0.22497467741225172,0.2156603690491919,0.04251992777557581,,,,,,,,,,45414
157,E14000687,EDMONTON,London,England,0.2984867622656463,0.10530747702900166,0.5365678480322956,0.02565817173143126,0.012779552715654952,,,,,,,,0.02120018822597023,40377
158,E14000688,ELLESMERE PORT AND NESTON,North West,England,0.34858589740691337,0.15063414193023308,0.4464992200393371,0.03660163226550313,,,,,,,,,0.017679108358013246,44233
159,E14000689,ELMET AND ROTHWELL,Yorkshire and The Humber,England,0.4262130527523347,0.16327591460682214,0.3451755722454247,0.02855401602466436,,,,,,,,,0.03678144437075409,55789
160,E14000690,ELTHAM,London,England,0.37539319416642836,0.12627490229720714,0.4150224001525117,0.02409207892479268,0.009984748832332475,,,,,,,,0.04923267562672767,41964
161,E14000691,ENFIELD NORTH,London,England,0.42300857085011134,0.12154410276021865,0.38494589791465145,0.021100938069421635,0.011000382426382922,,,,,,,,0.038400107979214004,44453
162,E14000692,"ENFIELD, SOUTHGATE",London,England,0.4944083694083694,0.13807720057720058,0.3224657287157287,0.011386183261183262,0.01424963924963925,,,,,,,,0.019412878787878788,44352
163,E14000693,EPPING FOREST,Eastern,England,0.5398420058389146,0.21503091190108192,0.14255967714236648,0.03975613944702044,0.014146488064571527,,,,,,,,0.04866477760604499,46584
164,E14000694,EPSOM AND EWELL,South East,England,0.5616959330361204,0.2681102720407606,0.11897006641797835,0.04638340460376672,,,,,,,,,0.004840323901373851,54955
165,E14000695,EREWASH,East Midlands,England,0.394714747491709,0.17511859283825196,0.3422190504176987,0.017946349859367786,0.011208597456026195,,,,,,,,0.05879266193694639,47642
166,E14000696,ERITH AND THAMESMEAD,London,England,0.3146482719653451,0.12044448629814483,0.44891232696110744,0.026815142668801206,0.007580751483190508,,,,,,,,0.08159902062341087,42476
167,E14000697,ESHER AND WALTON,South East,England,0.5891498450763618,0.24826283849439892,0.10686980914141136,0.03268980437453019,,,,,,,,,0.023027702913297764,54543
168,E14000698,EXETER,South West,England,0.32960744157559285,0.2025188049074588,0.38168698681263996,0.03693991999540643,0.015158765096560568,,,,,,,,0.03408808161234138,52247
169,E14000699,FAREHAM,South East,England,0.5527095408961266,0.23820038642009383,0.14203698592326802,0.04112613855920508,0.014555156868157145,,,,,,,,0.011371791333149323,54345
170,E14000700,FAVERSHAM AND MID KENT,South East,England,0.5619541017297482,0.19613803733516014,0.1658674430553177,0.036864189073471484,0.019052920020551464,,,,,,,,0.020123308785750985,46712
171,E14000701,FELTHAM AND HESTON,London,England,0.3402835009065436,0.1376091972968518,0.43625350255480466,0.02043843744849184,0.010919729685182133,,,,,,,,0.05449563210812593,48536
172,E14000702,FILTON AND BRADLEY STOKE,South West,England,0.40756920146580816,0.25252065174634064,0.2644251671808037,0.031179478685741495,0.009130245750605578,,,,,,,,0.0351752551707004,48301
173,E14000703,FINCHLEY AND GOLDERS GREEN,London,England,0.4599105116949764,0.17040948321564137,0.3367262548508175,0.017325105498653435,0.01562864473991136,,,,,,,,,47157
174,E14000704,FOLKESTONE AND HYTHE,South East,England,0.4944886363636364,0.3027840909090909,0.10831439393939393,0.04619318181818182,0.012064393939393939,,,,,,,,0.03615530303030303,52800
175,E14000705,FOREST OF DEAN,South West,England,0.46865451264278246,0.21893648873121013,0.24176117137993972,0.051719541455611834,0.018928285790455877,,,,,,,,,48763
176,E14000706,FYLDE,North West,England,0.5224536507209888,0.2206683451590753,0.1973907072556649,0.04451819638361181,0.01496910048065919,,,,,,,,,43690
177,E14000707,GAINSBOROUGH,East Midlands,England,0.4927006558242472,0.2783090698666017,0.15636230736431747,0.04192808267852429,,,,,,,,,0.030699884266309315,49251
178,E14000708,GARSTON AND HALEWOOD,North West,England,0.16130764740221834,0.2011908931698774,0.5952831290134267,0.03596030356100409,,,,,,,,,0.0062580268534734385,42825
179,E14000709,GATESHEAD,North East,England,0.14941056538672662,0.21337271610424235,0.5413911179653397,0.02883132498627702,0.009906683744151398,,,,,,,,0.05708759181326293,38257
180,E14000710,GEDLING,East Midlands,England,0.37273293214359826,0.15252126997302345,0.4113094002905167,0.030275990869474995,,,,,,,,,0.0331604067233866,48190
181,E14000711,GILLINGHAM AND RAINHAM,South East,England,0.46218954388064803,0.18133629718291797,0.27666395930406534,0.03238148163980678,0.007609113837472748,,,,,,,,0.03981960415508913,46786
182,E14000712,GLOUCESTER,South West,England,0.3992396186273737,0.19240012607359547,0.35156804034355055,0.03561579071783153,0.01006618863761721,,,,,,,,0.011110235600031519,50764
183,E14000713,GOSPORT,South East,England,0.5176931762500266,0.21063507957135857,0.16924092971729265,0.031871151920577774,0.012207332921451245,,,,,,,,0.058352329619293125,46939
184,E14000714,GRANTHAM AND STAMFORD,East Midlands,England,0.5028883122786416,0.22208753953673366,0.1799844694028296,0.030379363245516013,,,,,,,,,0.0646603155362791,52799
185,E14000715,GRAVESHAM,South East,England,0.4852969156290299,0.1330359596642919,0.28843836543136797,0.04788279813119675,0.014269708052343403,,,,,,,,0.03107625309177008,47303
186,E14000716,GREAT GRIMSBY,Yorkshire and The Humber,England,0.3053650543181404,0.22419129695939796,0.3270316198337076,0.06199550889118165,,,,,,,,,0.08141651999757238,32954
187,E14000717,GREAT YARMOUTH,Eastern,England,0.4313119817915786,0.1437164688668509,0.332001765102074,0.047982906379914994,0.009661611352393339,,,,,,,,0.03532526650718815,43057
188,E14000718,GREENWICH AND WOOLWICH,London,England,0.2454355637564339,0.1820433135864815,0.4919393998251918,,0.025589977663397104,,,,,,,,0.05499174516849568,41188
189,E14000719,GUILDFORD,South East,England,0.5330141990749906,0.3929670487879497,0.05060557525149819,0.018374214911728182,,,,,,,,,0.0050389619738333905,55567
190,E14000720,HACKNEY NORTH AND STOKE NEWINGTON,London,England,0.14547685155291534,0.23873786616732312,0.5499881621144616,,0.04590947246077355,,,,,,,,0.019887647704526376,46461
191,E14000721,HACKNEY SOUTH AND SHOREDITCH,London,England,0.13533062672079893,0.22399552008959822,0.5573755191562836,0.015189696206075878,0.034835969947267724,,,,,,,,0.03327266787997574,42858
192,E14000722,HALESOWEN AND ROWLEY REGIS,West Midlands,England,0.4119011346324382,0.1481388844675868,0.3659019077286887,0.0642124650401328,,,,,,,,,0.009845608131153505,43979
193,E14000723,HALIFAX,Yorkshire and The Humber,England,0.33993800941338537,0.19136723682700035,0.37373435885661804,0.015015497646653657,,,,,,,,,0.07994489725634256,43555
194,E14000724,HALTEMPRICE AND HOWDEN,Yorkshire and The Humber,England,0.5024108993167409,0.26435767486714407,0.15655456839772658,,0.013726737386379959,,,,,,,,0.06295012003200853,48737
195,E14000725,HALTON,North West,England,0.2017272243456384,0.13832309255406647,0.5767816536842615,0.029706323479607142,0.015651458706275097,,,,,,,,0.03781024723015144,41338
196,E14000726,HAMMERSMITH,London,England,0.3637570597656579,0.15946640815982466,0.43854842788502063,0.011611733962741297,0.014667453426620585,,,,,,,,0.011948916800134874,47452
197,E14000727,HAMPSTEAD AND KILBURN,London,England,0.3273257354890008,0.31219946234523493,0.32812085873310365,0.007724054371284692,0.014369012911286963,,,,,,,,0.010260876150088978,52822
198,E14000728,HARBOROUGH,East Midlands,England,0.4894712894712895,0.3111657111657112,0.12705432705432707,0.02660842660842661,,,,,,,,,0.0457002457002457,54945
199,E14000729,HARLOW,Eastern,England,0.4487670358721911,0.13651488217329869,0.3365239983590866,0.03625962897123843,,,,,,,,,0.04193445462418524,43878
200,E14000730,HARROGATE AND KNARESBOROUGH,Yorkshire and The Humber,England,0.4574283886024015,0.4378740542778635,0.06423382391688938,0.01987428012195581,,,,,,,,,0.020589453080889827,53134
201,E14000731,HARROW EAST,London,England,0.446506686664167,0.14269049702120568,0.3756197142023914,0.018664333624963548,0.016518768487272423,,,,,,,,,48006
202,E14000732,HARROW WEST,London,England,0.3679417122040073,0.16172261254228468,0.43609593199757135,0.02068696330991413,0.01355277994622257,,,,,,,,,46116
203,E14000733,HARTLEPOOL,North East,England,0.2813137388211914,0.17083311542283353,0.4253700120286596,0.07013231525547826,,,,,,,,,0.05235081847183725,38242
204,E14000734,HARWICH AND NORTH ESSEX,Eastern,England,0.4694081632653061,0.23579591836734695,0.19946938775510203,0.051571428571428574,0.018551020408163265,,,,,,,,0.02520408163265306,49000
205,E14000735,HASTINGS AND RYE,South East,England,0.4108885052394909,0.15708435379612157,0.3708796723812583,0.028044324888585537,,,,,,,,,0.0331031436945437,49814
206,E14000736,HAVANT,South East,England,0.5109673598615129,0.2339931211990069,0.17714051431565042,0.059472017857549596,,,,,,,,,0.01842698676628021,43903
207,E14000737,HAYES AND HARLINGTON,London,England,0.2944156483805146,0.08738888758589958,0.5482796632033211,,0.008161925088538123,,,,,,,,0.061753875741726666,42637
208,E14000738,HAZEL GROVE,North West,England,0.33619970939234417,0.48795883852218863,0.1246754484171411,0.051166003668326146,,,,,,,,,,41981
209,E14000739,HEMEL HEMPSTEAD,Eastern,England,0.49970689899132825,0.2287198560772978,0.20810171615694043,0.025348183784439367,,,,,,,,,0.03812334498999414,49471
210,E14000740,HEMSWORTH,Yorkshire and The Humber,England,0.24320255474452554,0.12926551094890512,0.4677463503649635,,,,,,,,,,0.15978558394160583,43840
211,E14000741,HENDON,London,England,0.42340535644973476,0.12364687109155993,0.4211195928753181,0.020658127398973564,0.01117005218441368,,,,,,,,,46374
212,E14000742,HENLEY,South East,England,0.5615470852017937,0.2516068759342302,0.10902466367713004,0.033949925261584454,0.024813153961136022,,,,,,,,0.01905829596412556,53520
213,E14000743,HEREFORD AND SOUTH HEREFORDSHIRE,West Midlands,England,0.4622889150699655,0.41100845373183686,0.07246646410781092,0.03385626588950208,,,,,,,,,0.020379901200884645,48381
214,E14000744,HERTFORD AND STORTFORD,Eastern,England,0.5383101287538148,0.25954818787583295,0.13760225364320927,0.03098759412752587,,,,,,,,,0.03355183559961717,55377
215,E14000745,HERTSMERE,Eastern,England,0.5601015443198646,0.17368309710175586,0.18766659614977788,0.03621747408504337,0.012777660249629787,,,,,,,,0.029553628093928495,47270
216,E14000746,HEXHAM,North East,England,0.4322378860704183,0.2991283950049445,0.18979831198399374,,,,,,,,,,0.07883540694064348,43483
217,E14000747,HEYWOOD AND MIDDLETON,North West,England,0.271609756097561,0.22707859078590786,0.4010623306233062,0.026341463414634145,,,,,,,,,0.07390785907859078,46125
218,E14000748,HIGH PEAK,East Midlands,England,0.408983451536643,0.2183880644456364,0.3160696902874625,0.03357371317321255,0.01831654647674673,,,,,,,,0.004668534080298786,50337
219,E14000749,HITCHIN AND HARPENDEN,Eastern,England,0.5459813186612317,0.26683970972636045,0.13550368325808398,0.030398303690569763,0.014751311532345037,,,,,,,,0.006525673131409143,54707
220,E14000750,HOLBORN AND ST PANCRAS,London,England,0.20373657340481985,0.2791633881681275,0.4610880345477502,0.010741276144119747,0.027081922816519974,,,,,,,,0.01818880491866274,54649
221,E14000751,HORNCHURCH AND UPMINSTER,London,England,0.5144970968346132,0.13908971717550103,0.207866641693201,0.05334332271961041,0.010151713804083161,,,,,,,,0.0750515077729912,53390
222,E14000752,HORNSEY AND WOOD GREEN,London,England,0.16667272264815958,0.46500853893390504,0.3401039206424185,,0.02290977798771847,,,,,,,,0.005305039787798408,55042
223,E14000753,HORSHAM,South East,England,0.5273365448326498,0.32211099371429597,0.07501656488959725,0.05084078007199012,0.010207553589656346,,,,,,,,0.014487562901810499,55841
224,E14000754,HOUGHTON AND SUNDERLAND SOUTH,North East,England,0.21427632098051078,0.13918623918360906,0.5033271087030852,0.026879882170379527,,,,,,,,,0.11633044896241551,38021
225,E14000755,HOVE,South East,England,0.36720929765752025,0.2256167325719103,0.32971356309841626,0.024207631626487886,0.051546598687247834,,,,,,,,0.0017061763584174713,49819
226,E14000756,HUDDERSFIELD,Yorkshire and The Humber,England,0.2776872964169381,0.2473349126443589,0.3880416543282993,,0.04049452176488007,,,,,,,,0.04644161484552364,40524
227,E14000757,HUNTINGDON,Eastern,England,0.4886300814506321,0.28926031032322264,0.11023476946891239,0.06003759259941768,0.012014889617808572,,,,,,,,0.03982235654000663,54266
228,E14000758,HYNDBURN,North West,England,0.33841863517060367,0.11794619422572178,0.41083145856767905,0.03470659917510311,0.010850206224221972,,,,,,,,0.08724690663667041,42672
229,E14000759,ILFORD NORTH,London,England,0.4573992938874474,0.12688757497128758,0.34246458803011615,0.018524820281594283,0.012165553617763409,,,,,,,,0.04255816921179123,47018
230,E14000760,ILFORD SOUTH,London,England,0.2737590592096267,0.16954152097048308,0.4942470356117286,0.02211326209685296,0.025766247973276552,,,,,,,,0.014572874138032077,51191
231,E14000761,IPSWICH,Eastern,England,0.3913636266803008,0.18227136192241325,0.34707398649368354,0.029079056688183037,0.016510087130653373,,,,,,,,0.03370188108476598,46941
232,E14000762,ISLE OF WIGHT,South East,England,0.4669532050552203,0.3171325287487191,0.11626152795172492,0.0346550153706023,0.013250028464078334,,,,,,,,0.051747694409655015,70264
233,E14000763,ISLINGTON NORTH,London,England,0.14227678771827446,0.2665305023118014,0.5448669030838982,0.016070386497284195,0.030255420388741752,,,,,,,,,44554
234,E14000764,ISLINGTON SOUTH AND FINSBURY,London,England,0.19398461715072896,0.3406727126621513,0.4226150843760762,0.016094593043278614,0.01630122833199403,,,,,,,,0.010331764435770864,43555
