,id,Constituency,Country/Region,Country,Con Vote,Liberal Vote,Labour Vote,UKIP Vote,Green Vote,SNP Vote,PC Vote,DUP Vote,Sinn Fein Vote,SDLP Vote,UUP Vote,Alliance Vote,Other Vote,Total votes
0,E14000530,ALDERSHOT,South East,England,0.5059210668744993,0.08824229828321535,0.1833257560996731,0.17867116970838476,0.043839709034227445,,,,,,,,,46191
1,E14000531,ALDRIDGE-BROWNHILLS,West Midlands,England,0.5204952274856318,0.03367344355267489,0.22368787502848317,0.19624275261412258,0.020912980732713877,,,,,,,,0.004987720586373649,39497
2,E14000532,ALTRINCHAM & SALE WEST,North West,England,0.5299404160975513,0.0838331650731437,0.26686066076766235,0.08011164558465467,0.03925411247698794,,,,,,,,,50517
3,E14000533,AMBER VALLEY,East Midlands,England,0.4397926373121596,0.029748233698624144,0.3478137235601636,0.15886869217140231,0.023776713257650326,,,,,,,,,45717
4,E14000534,ARUNDEL & SOUTH DOWNS,South East,England,0.6078757724383377,0.07192308373320112,0.11197478619615064,0.14437735715423977,0.06384900047807072,,,,,,,,,56477
5,E14000535,ASHFIELD,East Midlands,England,0.2241768440591449,0.14828408108165117,0.4102174692568922,0.21409437026724884,,,,,,,,,0.003227235335062963,47409
6,E14000536,ASHFORD,South East,England,0.5245415882311929,0.05983755141881057,0.1844105138395036,0.18821027679007182,0.043000069720421114,,,,,,,,,57372
7,E14000537,ASHTON UNDER LYNE,North West,England,0.2212343902564366,0.024230433218562105,0.4976103602446169,0.21758569299552907,0.03933912328485534,,,,,,,,,38918
8,E14000538,AYLESBURY,South East,England,0.5067395658528664,0.10619101752106679,0.15141016618849132,0.19713455674046806,0.03852469369710749,,,,,,,,,55419
9,E14000539,BANBURY,South East,England,0.530082057647221,0.05930216521859054,0.21297062474141498,0.13877396221210866,0.04630395807474831,,,,,,,,0.012567232105916426,58008
10,E14000540,BARKING,London,England,0.16307706605329803,0.013057317441509259,0.5767988661973468,0.2219743965056574,0.02084059385237332,,,,,,,,0.004251759949815292,43041
11,E14000541,BARNSLEY CENTRAL,Yorkshire and The Humber,England,0.150027352297593,0.021061269146608316,0.5573304157549234,0.21720459518599564,0.025656455142231947,,,,,,,,0.028719912472647702,36560
12,E14000542,BARNSLEY EAST,Yorkshire and The Humber,England,0.14596152348313732,0.031596437936495574,0.5472648440948152,0.2348313731599034,,,,,,,,,0.040345821325648415,38517
13,E14000543,BARROW & FURNESS,North West,England,0.4049682264586944,0.027013287117273254,0.4233391103408434,0.117157712305026,0.024517619872905835,,,,,,,,0.003004043905257077,43275
14,E14000544,BASILDON & BILLERICAY,Eastern,England,0.5268197452821418,0.03802175327693595,0.2367295714418518,0.19842892999907039,,,,,,,,,,43028
15,E14000545,BASINGSTOKE,South East,England,0.4855113422262416,0.07383751601477127,0.27707438390232875,0.15619112216444345,,,,,,,,,0.007385635692214937,53076
16,E14000546,BASSETLAW,East Midlands,England,0.30680273489013776,0.027003996834993608,0.4862139625474244,0.1595690722067804,0.02041023352066384,,,,,,,,,49289
17,E14000547,BATH,South West,England,0.37808213369516824,0.2968176903343439,0.13178705450844871,0.06195009222549664,0.11944791909597811,,,,,,,,0.011915110140564377,47167
18,E14000548,BATLEY & SPEN,Yorkshire and The Humber,England,0.31238732938449654,0.047465282592761344,0.4323778204798035,0.17987678044335267,0.02440618871213772,,,,,,,,0.003486598387448246,50479
19,E14000549,BATTERSEA,London,England,0.5237992592737748,0.043914483353255866,0.36824675197429013,0.03107914796888166,0.032960357429797575,,,,,,,,,51031
20,E14000550,BEACONSFIELD,South East,England,0.6324135206816771,0.07386716325263812,0.11425239358200252,0.13750164588153416,0.04196527660214811,,,,,,,,,53163
21,E14000551,BECKENHAM,London,England,0.5728131467327828,0.06921705632850439,0.19433231563633382,0.12515624039505768,0.038481240907321274,,,,,,,,,48803
22,E14000552,BEDFORD,Eastern,England,0.4258343097686933,0.04248578744087141,0.40203098554875666,0.09621143080328082,0.030638371739790827,,,,,,,,0.0027991146986069524,46086
23,E14000553,BERMONDSEY & OLD SOUTHWARK,London,England,0.11766879278158059,0.3433610765401369,0.43065494710640945,0.0632778469197262,0.03933960796515246,,,,,,,,0.0056977286869944,51424
24,E14000554,BERWICK-UPON-TWEED,North East,England,0.4107315142369443,0.28916705835786555,0.14946936150211512,0.11164436088365534,0.03681072656655864,,,,,,,,0.002176978452860995,40423
25,E14000555,BETHNAL GREEN & BOW,London,England,0.15248280553246163,0.045253571158642585,0.611952989192049,0.06082306703952838,0.09269896455294384,,,,,,,,0.036788602524374575,52924
26,E14000556,BEVERLEY & HOLDERNESS,Yorkshire and The Humber,England,0.48148148148148145,0.0550524897013877,0.2498244015414697,0.1669419291151736,0.03420847808341401,,,,,,,,0.012491220077073486,52677
27,E14000557,BEXHILL & BATTLE,South East,England,0.547738056430874,0.07604404360896809,0.14120395523198956,0.1841790720417255,0.05083487268644283,,,,,,,,,55218
28,E14000558,BEXLEYHEATH & CRAYFORD,London,England,0.4725420624928465,0.029941627560947693,0.26212658807370953,0.21018656289344168,0.021746594941055283,,,,,,,,0.0034565640379993134,43685
29,E14000559,BIRKENHEAD,North West,England,0.14857960351522584,0.03566319231555283,0.676170038830983,0.09804823216840385,0.04153893316983446,,,,,,,,,39144
30,E14000560,BIRMINGHAM EDGBASTON,West Midlands,England,0.3829220448986511,0.028673140726031048,0.4484537330782457,0.10059816433778122,0.03320175332380791,,,,,,,,0.006151163635483012,41293
31,E14000561,BIRMINGHAM ERDINGTON,West Midlands,England,0.3083554376657825,0.02782262714796448,0.4562334217506631,0.1741436973820782,0.02733248760235267,,,,,,,,0.006112328451159036,34684
32,E14000562,BIRMINGHAM HALL GREEN,West Midlands,England,0.17703949326191387,0.11603536963822642,0.5982867831484079,0.04529609318539302,0.046762742847425924,,,,,,,,0.016579517918632828,47046
33,E14000563,BIRMINGHAM HODGE HILL,West Midlands,England,0.1146957771875533,0.06393917980457614,0.683959160798265,0.11333122152099223,0.020346499671044616,,,,,,,,0.0037281610175686542,41039
34,E14000564,BIRMINGHAM LADYWOOD,West Midlands,England,0.12740839737164494,0.038255930504510524,0.7362735271188329,0.05025615324646397,0.041791959015480565,,,,,,,,0.006014032743067156,35916
35,E14000565,BIRMINGHAM NORTHFIELD,West Midlands,England,0.3571277171993123,0.031770330420856786,0.4162172346388451,0.16735357151268224,0.02753114622830362,,,,,,,,,42461
36,E14000566,BIRMINGHAM PERRY BARR,West Midlands,England,0.21495395055744063,0.0484973339796413,0.5743334949103248,0.1219583131362094,0.03223460979156568,,,,,,,,0.008022297624818226,41260
37,E14000567,BIRMINGHAM SELLY OAK,West Midlands,England,0.2900384156841966,0.05557027420850444,0.47653110787300745,0.1270587715812249,0.05080143065306663,,,,,,,,,45294
38,E14000568,BIRMINGHAM YARDLEY,West Midlands,England,0.1399722971495225,0.2559840587106024,0.4162474787975991,0.1612840514203786,0.016961920730966442,,,,,,,,0.009550193190930962,41151
39,E14000569,BISHOP AUCKLAND,North East,England,0.3249384345883368,0.043743177029119805,0.4139988321612633,0.17809540734722892,0.03922414887405113,,,,,,,,,39389
40,E14000570,BLACKBURN,North West,England,0.2727789267937908,0.0217050387508807,0.5627855178526785,0.14273051660265007,,,,,,,,,,43999
41,E14000571,BLACKLEY & BROUGHTON,North West,England,0.15038262556585472,0.023550334123733564,0.6192606165121793,0.1645828842422936,0.04222353955593878,,,,,,,,,37112
42,E14000572,BLACKPOOL NORTH & CLEVELEYS,North West,England,0.4444444444444444,0.024065189246820502,0.3596578072246338,0.14781814027872972,0.022567461224075342,,,,,,,,0.0014469575812961694,39393
43,E14000573,BLACKPOOL SOUTH,North West,England,0.3379886545813294,0.02290664693550376,0.4176840547539771,0.17304846466888643,0.02592798125539524,,,,,,,,0.022444197804908125,32436
44,E14000574,BLAYDON,North East,England,0.17442585009791703,0.12232953533914902,0.4915880363183194,0.174982196902261,0.03667438134235357,,,,,,,,,44936
45,E14000575,BLYTH VALLEY,North East,England,0.2169990379865318,0.058890824471542605,0.4631444840227763,0.2231871246197447,0.03777852889940459,,,,,,,,,38461
46,E14000576,BOGNOR REGIS & LITTLEHAMPTON,South East,England,0.5133075812887342,0.08999066134646405,0.13812717548178963,0.21735716104932506,0.04121742083368707,,,,,,,,,47116
47,E14000577,BOLSOVER,East Midlands,England,0.2446474839765444,0.03327423973816992,0.5123414700668212,0.20973680621846447,,,,,,,,,,43998
48,E14000578,BOLTON NORTH EAST,North West,England,0.32816663191306966,0.028636963925766316,0.4295776279511596,0.1880632978846644,0.025555478325340004,,,,,,,,,43161
49,E14000579,BOLTON SOUTH EAST,North West,England,0.20344599072233266,0.02631126819330928,0.5045038411506271,0.23628598777704146,0.029452912156689492,,,,,,,,,40743
50,E14000580,BOLTON WEST,North West,England,0.4063220283174185,0.040068324003951265,0.38983783338821204,0.15286466908133026,,,,,,,,,0.010907145209087915,48592
51,E14000581,BOOTLE,North West,England,0.08059443656980865,0.021660170092133238,0.7445738837703756,0.1088545357902197,0.03324326718639263,,,,,,,,0.011073706591070162,45152
52,E14000582,BOSTON & SKEGNESS,East Midlands,England,0.43796580447172295,0.023420014305821548,0.1647938346523916,0.3379173492697109,0.01845912457601698,,,,,,,,0.01744387272433605,43339
53,E14000583,BOSWORTH,East Midlands,England,0.4281101862565787,0.223041319846217,0.17457355081930498,0.17427494307789929,,,,,,,,,,53582
54,E14000584,BOURNEMOUTH EAST,South West,England,0.4921141276462846,0.08369955607111786,0.16614986503669663,0.1651013897874049,0.07279095188167846,,,,,,,,0.020144109576817542,44827
55,E14000585,BOURNEMOUTH WEST,South West,England,0.4824886888660139,0.07854355684293683,0.17681277380125918,0.1854068417398798,0.07437818686711513,,,,,,,,0.002369951882795107,41773
56,E14000586,BRACKNELL,South East,England,0.5576988283163169,0.07502919790528577,0.1687073804769619,0.15708473043740345,0.04147986286403195,,,,,,,,,53086
57,E14000587,BRADFORD EAST,Yorkshire and The Humber,England,0.11307539970052649,0.29531951891030284,0.4664058349031541,0.09909191904554895,0.021035598705501618,,,,,,,,0.005071728734965947,41406
58,E14000588,BRADFORD SOUTH,Yorkshire and The Humber,England,0.2627127659574468,0.029095744680851063,0.43425531914893617,0.24087765957446808,0.03305851063829787,,,,,,,,,37600
59,E14000589,BRADFORD WEST,Yorkshire and The Humber,England,0.15289153636138,0.02911392405063291,0.49583023082650785,0.0779349714569372,0.02692975924547034,,,,,,,,0.21729957805907174,40290
60,E14000590,BRAINTREE,Eastern,England,0.5383728098959887,0.04947994351967862,0.1848736153371915,0.18815504245967823,0.031103951633752958,,,,,,,,0.008014637153710001,50283
61,E14000591,BRENT CENTRAL,London,England,0.20341469637693485,0.08370896410954244,0.6211940806259568,0.039334920904915804,0.04065317230821568,,,,,,,,0.011694165674434428,47032
62,E14000592,BRENT NORTH,London,England,0.3353498612041734,0.04990906480329281,0.542758686704317,0.03874796592323155,0.02946300373312913,,,,,,,,0.0037714176318560354,52235
63,E14000593,BRENTFORD & ISLEWORTH,London,England,0.4294481736553047,0.04018830093278703,0.4375555749280795,0.05584517478859733,0.03696277569523145,,,,,,,,,57355
64,E14000594,BRENTWOOD & ONGAR,Eastern,England,0.5883577085380658,0.08819392257741296,0.12509393606566854,0.16810220243944737,0.026918704356706555,,,,,,,,0.003333526022698807,51897
65,E14000595,BRIDGWATER & SOMERSET WEST,South West,England,0.4595294506584385,0.12424926993222767,0.17611622311605782,0.19169100225907765,0.04841405403419839,,,,,,,,,54447
66,E14000596,BRIGG & GOOLE,Yorkshire and The Humber,England,0.5302981280332794,0.017656574994222324,0.2720129419921424,0.15470302750173331,0.021146290732609197,,,,,,,,0.004183036746013404,43270
67,E14000597,BRIGHTON KEMPTOWN,South East,England,0.40674524345561297,0.030128459806648127,0.39151547256434027,0.09813269765593961,0.07034388381229859,,,,,,,,0.0031342427051604645,45306
68,E14000598,BRIGHTON PAVILION,South East,England,0.22766844685053772,0.027891579486429147,0.27258760699392787,0.0498207623088741,0.4183005340551613,,,,,,,,0.003731070305069866,54676
69,E14000599,BRISTOL EAST,South West,England,0.3065803994546989,0.05818709021271071,0.3927033518706857,0.1547616471555623,0.08281219570250795,,,,,,,,0.004955315603834419,46213
70,E14000600,BRISTOL NORTH WEST,South West,England,0.4394749541550043,0.06204034359617797,0.34404015056461734,0.09437313000675611,0.056982916706881576,,,,,,,,0.003088504970562687,51805
71,E14000601,BRISTOL SOUTH,South West,England,0.24344046260965344,0.0868573226859683,0.38363951064080876,0.16484402659218755,0.11527870658117305,,,,,,,,0.0059399708902088824,50842
72,E14000602,BRISTOL WEST,South West,England,0.15185773459154753,0.18846740789186833,0.3565978386122271,0.030209598554922296,0.2682581207761064,,,,,,,,0.00460929957332835,64218
73,E14000603,BROADLAND,Eastern,England,0.5049633634086157,0.09753432914539735,0.18779784889525136,0.16728512497880918,0.042419333571926385,,,,,,,,,53089
74,E14000604,BROMLEY & CHISLEHURST,London,England,0.5297281350701221,0.06435800844188264,0.2219171243135297,0.14262696863795216,0.041369763536513414,,,,,,,,,44066
75,E14000605,BROMSGROVE,West Midlands,England,0.538482151402048,0.05007177720356015,0.22210737869652597,0.156244616709733,0.03309407598813283,,,,,,,,,52245
76,E14000606,BROXBOURNE,Eastern,England,0.5605119068312185,0.031874674083087084,0.18403441682600383,0.1971580045193812,0.026420997740309402,,,,,,,,,46024
77,E14000607,BROXTOWE,East Midlands,England,0.4521519461077844,0.03967065868263473,0.3719311377245509,0.1061751497005988,0.028892215568862276,,,,,,,,0.0011788922155688622,53440
78,E14000608,BUCKINGHAM,South East,England,,,,0.21744393950681665,0.13782313938761825,,,,,,,,0.6447329211055651,53692
79,E14000609,BURNLEY,North West,England,0.13520857444774317,0.2945453630554018,0.37616363910833794,0.1726966235596035,0.0213857998289136,,,,,,,,,39746
80,E14000610,BURTON,West Midlands,England,0.4977334912402499,0.025156205333442233,0.27532976681504473,0.17678768326050556,0.024992853350757543,,,,,,,,,48974
81,E14000611,BURY NORTH,North West,England,0.419411894760115,0.02060579261552067,0.41105460977227504,0.12370108335175768,0.02522661950033164,,,,,,,,,45230
82,E14000612,BURY SOUTH,North West,England,0.34628825585089484,0.03579370962617812,0.4505347876734089,0.13341099226940592,0.030371703907656464,,,,,,,,0.0036005506724557873,47215
83,E14000613,BURY ST EDMUNDS,Eastern,England,0.5361385888340271,0.06034613504996545,0.17717935322963888,0.1472674879088657,0.0790684349775029,,,,,,,,,59341
84,E14000614,CALDER VALLEY,Yorkshire and The Humber,England,0.43618908873573525,0.04979361610728227,0.3535047907211296,0.11112978838647018,0.03903550550045759,,,,,,,,0.010347210548925123,53541
85,E14000615,CAMBERWELL & PECKHAM,London,England,0.13168867942825002,0.05003781928201548,0.6325323403347491,0.04679893718120285,0.10059929016116832,,,,,,,,0.038342933612614184,51561
86,E14000616,CAMBORNE & REDRUTH,South West,England,0.40228481730182264,0.12398622133077526,0.2495857678555856,0.14772826371326414,0.056858812243830124,,,,,,,,0.019556117554722245,45868
87,E14000617,CAMBRIDGE,Eastern,England,0.15677753312473441,0.3485726426391625,0.3601421562946653,0.05153165681616255,0.07936415961679608,,,,,,,,0.0036118515084791595,51774
88,E14000618,CANNOCK CHASE,West Midlands,England,0.4418565150003185,0.026964479075988874,0.3373320028026073,0.1746109259219941,0.019236077199091275,,,,,,,,,47099
89,E14000619,CANTERBURY,South East,England,0.4286542597961283,0.1164687178528009,0.24539418311044608,0.13633217993079585,0.07006452819601608,,,,,,,,0.0030861311138127745,53465
90,E14000620,CARLISLE,North West,England,0.443163406673398,0.025524221006410407,0.37802615821729635,0.12391105266865475,0.026416512081151526,,,,,,,,0.0029586493530889706,42587
91,E14000621,CARSHALTON & WALLINGTON,London,England,0.31699325814378426,0.3487072858252998,0.15016907147207695,0.148047802070863,0.031335979669418014,,,,,,,,0.004746602818557957,47613
92,E14000622,CASTLE POINT,Eastern,England,0.5085148514851485,0.017623762376237622,0.13823982398239823,0.31194719471947197,0.023674367436743674,,,,,,,,,45450
93,E14000623,DEVON CENTRAL,South West,England,0.522259770790479,0.12200631795474581,0.12828754040552454,0.13170364384366734,0.0893696738172201,,,,,,,,0.006373053188363209,54448
94,E14000624,SUFFOLK CENTRAL & IPSWICH NORTH,Eastern,England,0.5605021353694837,0.06126938933979183,0.18807890698663315,0.13790234613322486,0.04925215847954297,,,,,,,,0.0029950636913235592,54089
95,E14000625,CHARNWOOD,East Midlands,England,0.5431201086852528,0.0689806930598343,0.2191500353992461,0.15939228105087924,,,,,,,,,0.009356881804787508,52261
96,E14000626,CHATHAM & AYLESFORD,South East,England,0.501799271005038,0.03157430408840805,0.23585540826039514,0.1992199289578158,0.02556125647157152,,,,,,,,0.005989831216771527,43073
97,E14000627,CHEADLE,North West,England,0.4310952067049628,0.30955833882663153,0.16334871456822678,0.08330351257180525,,,,,,,,,0.01269422732837367,53095
98,E14000628,CHELMSFORD,Eastern,England,0.5153018562907632,0.11881004143672073,0.17618967984094244,0.14218555475035768,0.03515617741605812,,,,,,,,0.01235669026515785,53817
99,E14000629,CHELSEA & FULHAM,London,England,0.6294933625018645,0.05198130562322876,0.231193755282653,0.0506886093571322,0.03664296723512157,,,,,,,,,40226
100,E14000630,CHELTENHAM,South West,England,0.46133804782730065,0.340076300362892,0.07261561365962595,0.07086628826649298,0.050041872150367546,,,,,,,,0.005061877733320927,53735
101,E14000631,CHESHAM & AMERSHAM,South East,England,0.5905177318414565,0.09029015740565143,0.12728996776028825,0.1368860231367343,0.05501611985586952,,,,,,,,,52730
102,E14000632,CHESTERFIELD,East Midlands,England,0.18063510874097483,0.1382798955384379,0.4790528233151184,0.16509754866460377,0.029670594948098403,,,,,,,,0.007264028792766695,45567
103,E14000633,CHICHESTER,South East,England,0.5767164283589142,0.08514324716918392,0.12133569015908574,0.14946008855597753,0.06548942053588618,,,,,,,,0.0018551252209524144,57139
104,E14000634,CHINGFORD & WOODFORD GREEN,London,England,0.4793854442516665,0.05478951693909232,0.28794174048032145,0.1288466806684321,0.04232490183544882,,,,,,,,0.006711715825038809,43804
105,E14000635,CHIPPENHAM,South West,England,0.47564387171296046,0.2937895933726785,0.08231811864926815,0.10619596801848141,0.04205244824661144,,,,,,,,,55407
106,E14000636,CHIPPING BARNET,London,England,0.48589968498292874,0.0449135117801294,0.34148227793182806,0.07830154867673966,0.04717710750193349,,,,,,,,0.0022258691264406844,53013
107,E14000637,CHORLEY,North West,England,0.36339727722772275,0.026183477722772276,0.4509978341584158,0.13526840965346534,0.021484375,,,,,,,,0.0026686262376237626,51712
108,E14000638,CHRISTCHURCH,South West,England,0.581145512704448,0.06564467781197819,0.0954593920373388,0.214517070030378,0.043233347415856924,,,,,,,,,49707
109,E14000639,CITIES OF LONDON & WESTMINSTER,London,England,0.5408318363962968,0.06966975265994196,0.27356639491502005,0.05234213071714799,0.05397264059693243,,,,,,,,0.00961724471466077,36185
110,E14000640,"CHESTER, CITY OF",North West,England,0.43050370399327614,0.056097417955082975,0.43232149488868477,0.08107738316295615,,,,,,,,,,51161
111,E14000641,"DURHAM, CITY OF",North East,England,0.22240469465063828,0.11283365083535878,0.47288094768880423,0.11456348945674309,0.058836409818476425,,,,,,,,0.0184808075499792,45669
112,E14000642,CLACTON,Eastern,England,0.36657090506028456,0.018368131743841474,0.1439591014997625,0.4443187730449929,0.0267830886511186,,,,,,,,,44207
113,E14000643,CLEETHORPES,Yorkshire and The Humber,England,0.4663221628335071,0.02985207034975271,0.2912683803144891,0.1853223624387323,0.022466677016567235,,,,,,,,0.004768347046951585,45089
114,E14000644,COLCHESTER,Eastern,England,0.3893359125800012,0.2746074537484823,0.16158705986458954,0.12079929207910604,0.05142716029057683,,,,,,,,0.0022431214372440477,48593
115,E14000645,COLNE VALLEY,Yorkshire and The Humber,England,0.4444718309859155,0.059982394366197185,0.3497887323943662,0.10095070422535211,0.033785211267605635,,,,,,,,0.01102112676056338,56800
116,E14000646,CONGLETON,North West,England,0.5328782172002511,0.090689736346516,0.20384102322661646,0.13578939108600124,0.036801632140615194,,,,,,,,,50976
117,E14000647,COPELAND,North West,England,0.3579521081981277,0.03451843254018319,0.42264893643864654,0.1551310842522268,0.029749438570815776,,,,,,,,,39631
118,E14000648,CORBY,East Midlands,England,0.4276533627656923,0.025955068181009008,0.38471534873785024,0.1372165058568021,0.02445971445864635,,,,,,,,,56174
119,E14000649,COVENTRY NORTH EAST,West Midlands,England,0.23089673462622246,0.04752433046813952,0.5215363121877294,0.14865856835026403,0.029480713220146337,,,,,,,,0.021903341147498284,42231
120,E14000650,COVENTRY NORTH WEST,West Midlands,England,0.3104804844627149,0.04000353622419661,0.41013570260354504,0.15694205012597798,0.043340847809751136,,,,,,,,0.03909737877381426,45246
121,E14000651,COVENTRY SOUTH,West Midlands,England,0.3497562873292295,0.04071031373715646,0.4227099018284171,0.13064372182429804,0.03933728460605506,,,,,,,,0.016842490674843818,43699
122,E14000652,CRAWLEY,South East,England,0.470216271884655,0.027579814624098867,0.3357981462409887,0.14374871266735326,0.02265705458290422,,,,,,,,,48550
123,E14000653,CREWE & NANTWICH,North West,England,0.4498356581689915,0.027537277537277537,0.3772847522847523,0.14534231200897868,,,,,,,,,,49896
124,E14000654,CROYDON CENTRAL,London,England,0.42978032148996054,0.021760072533575113,0.4266636444343703,0.09085585840841692,0.027464535992897755,,,,,,,,0.003475567140779358,52941
125,E14000655,CROYDON NORTH,London,England,0.22699077015059227,0.03585441500691305,0.6261537311759651,0.05416464257688427,0.046990022794364934,,,,,,,,0.009846418295280445,53522
126,E14000656,CROYDON SOUTH,London,England,0.5449126698087053,0.05974494039367896,0.24792070973107846,0.10514277793179928,0.03732326032714167,,,,,,,,0.004955641807596341,57712
127,E14000657,DAGENHAM & RAINHAM,London,England,0.24371660859465738,0.016655052264808363,0.41416957026713125,0.29849012775842043,0.018722415795586526,,,,,,,,0.00824622531939605,43050
128,E14000658,DARLINGTON,North East,England,0.3519360248900124,0.047786879268855886,0.4286964342140444,0.13106147152475633,0.035098806543350916,,,,,,,,0.005420383558980093,41141
129,E14000659,DARTFORD,South East,England,0.4897172726925865,0.027738563089015223,0.2542065702621237,0.1990537601587241,0.025258498988896944,,,,,,,,0.004025334808653516,52418
130,E14000660,DAVENTRY,East Midlands,England,0.5817053200807343,0.04478464526448075,0.18071899158383792,0.15796488822879776,0.034826154842149355,,,,,,,,,52518
131,E14000661,DENTON & REDDISH,North West,England,0.23655024430599003,0.02474082883069207,0.5082857216721388,0.18678420930172437,0.037899744060391406,,,,,,,,0.005739251829063365,38681
132,E14000662,DERBY NORTH,East Midlands,England,0.3665660967705889,0.08564085372667338,0.3656497932729914,0.1459827913733378,0.03616046485640854,,,,,,,,,44745
133,E14000663,DERBY SOUTH,East Midlands,England,0.2738608525232729,0.042062714355707985,0.49012738853503185,0.1553405193532582,0.029593336599706026,,,,,,,,0.009015188633023028,40820
134,E14000664,DERBYSHIRE DALES,East Midlands,England,0.5237431642068369,0.08371867148075421,0.22721226325457655,0.1162982200544752,0.045881632566879924,,,,,,,,0.0031460484364772704,47361
135,E14000665,DEVIZES,South West,England,0.5773782802105865,0.08068399787781089,0.1297800269354773,0.15394033383667305,0.05821736113945231,,,,,,,,,49006
136,E14000666,DEWSBURY,Yorkshire and The Humber,England,0.3907327988066381,0.0358754428491516,0.4177885511840388,0.12397911616632482,0.025470818571694948,,,,,,,,0.006153272422151781,53630
137,E14000667,DON VALLEY,Yorkshire and The Humber,England,0.252695005413548,0.03499976462834816,0.46182271807183545,0.23450077672645106,,,,,,,,,0.01598173515981735,42486
138,E14000668,DONCASTER CENTRAL,Yorkshire and The Humber,England,0.20747154873824838,0.04247897080653142,0.49084611578426524,0.24114299851558635,,,,,,,,,0.01806036615536863,40420
139,E14000669,DONCASTER NORTH,Yorkshire and The Humber,England,0.18315992000202527,0.025442393863446496,0.5242398926609453,0.22601959444064706,0.019164071795650744,,,,,,,,0.021974127237285132,39501
140,E14000670,DOVER,South East,England,0.43280105129021984,0.03129977699904428,0.3074824784963364,0.2026322077094616,0.02578448550493788,,,,,,,,,50224
141,E14000671,DUDLEY NORTH,West Midlands,England,0.3080648557591072,0.012581596125500106,0.41811433986102337,0.23986628763950305,0.013608128026953043,,,,,,,,0.0077647925879132445,37992
142,E14000672,DUDLEY SOUTH,West Midlands,England,0.43766029835121695,0.021669719968594608,0.32590944778853703,0.18937450929076158,0.02538602460088982,,,,,,,,,38210
143,E14000673,DULWICH & WEST NORWOOD,London,England,0.22682138546006775,0.09841906467816673,0.5407110315018886,0.03126825279389432,0.09431096919901873,,,,,,,,0.008469296366963903,51362
144,E14000674,EALING CENTRAL & ACTON,London,England,0.4269265532282784,0.061028804967186705,0.4323102919794082,0.03784336071049633,0.03617322277675168,,,,,,,,0.0057177663378787285,50894
145,E14000675,EALING NORTH,London,England,0.2972376829519687,0.032467532467532464,0.5513296227581942,0.080849309420738,0.03370439084724799,,,,,,,,0.004411461554318697,48510
146,E14000676,EALING SOUTHALL,London,England,0.21668474873617877,0.03577941414094781,0.649731077306618,0.04083469910666882,0.04632857043927887,,,,,,,,0.010641490270307703,43321
147,E14000677,EASINGTON,North East,England,0.1293322550831793,0.024087338262476894,0.6103280961182994,0.18747111829944546,0.0211702865064695,,,,,,,,0.02761090573012939,34624
148,E14000678,DEVON EAST,South West,England,0.46422501233620267,0.06789480417420546,0.10218030959299669,0.125555129118921,,,,,,,,,0.24014474477767422,54717
149,E14000679,EAST HAM,London,England,0.12069229298144961,0.016370242876266972,0.7757314974182444,0.05014343086632243,0.024842226047045324,,,,,,,,0.012220309810671256,52290
150,E14000680,HAMPSHIRE EAST,South East,England,0.6066719587988151,0.11097988344401634,0.10106681639528355,0.11978934732521443,0.061491994036670605,,,,,,,,,51649
151,E14000681,SURREY EAST,South East,England,0.5741404202983798,0.09249059765074952,0.11812202556013048,0.17027609931732707,0.038482790581608826,,,,,,,,0.00648806659180436,56103
152,E14000682,WORTHING EAST & SHOREHAM,South East,England,0.49472924766523707,0.06733736823119163,0.19513808168664074,0.16567798308549442,0.05220650126257565,,,,,,,,0.024910818068860474,49898
153,E14000683,YORKSHIRE EAST,Yorkshire and The Humber,England,0.5056110099817968,0.059330679522314016,0.20689724150347064,0.1791322438038847,0.034626232721889943,,,,,,,,0.014402592466643997,49991
154,E14000684,EASTBOURNE,South East,England,0.3956754304723383,0.3818209310677226,0.07830721832649744,0.11603379514998015,0.025535373391044662,,,,,,,,0.0026272515924168826,52907
155,E14000685,EASTLEIGH,South East,England,0.4227366903882533,0.2579407260607153,0.1293757319160436,0.15823799657688498,0.027258805513016845,,,,,,,,0.004450049545086029,55505
156,E14000686,EDDISBURY,North West,England,0.5103691501942895,0.09057695556681872,0.23637861125190066,0.12202230106436898,0.034296333840175705,,,,,,,,0.006356648082446359,47352
157,E14000687,EDMONTON,London,England,0.24115825632589868,0.021699162997726062,0.6141564662054284,0.08142629058009579,0.03285112971116164,,,,,,,,0.00870869417968939,41338
158,E14000688,ELLESMERE PORT & NESTON,North West,England,0.3432918869176279,0.03344961157360841,0.47758255398377814,0.1197166520427162,0.021186894086930468,,,,,,,,0.004772401395338883,46727
159,E14000689,ELMET & ROTHWELL,Yorkshire and The Humber,England,0.4840735678322404,0.04567711126875097,0.3371801304565981,0.11125144903714726,0.021817741405263248,,,,,,,,,57797
160,E14000690,ELTHAM,London,England,0.36378802975183633,0.030307945408624325,0.426188103899715,0.1501726255300415,0.029543295409782885,,,,,,,,,43157
161,E14000691,ENFIELD NORTH,London,England,0.41368099356265037,0.02295337798296378,0.4372195851485792,0.08958103040943277,0.028241974987537118,,,,,,,,0.008323037908836725,46137
162,E14000692,ENFIELD SOUTHGATE,London,England,0.4938444075788003,0.033135423033266394,0.3900942984370907,0.04603597310748275,0.03688989784335982,,,,,,,,,45812
163,E14000693,EPPING FOREST,Eastern,England,0.54768177028451,0.06987111939693605,0.1613439247791197,0.18337115992542757,0.036110885952824835,,,,,,,,0.0016211396611818109,49348
164,E14000694,EPSOM & EWELL,South East,England,0.5829060427348932,0.0875347811630471,0.1551546121134697,0.12454718863202842,0.037029907425231434,,,,,,,,0.012827467931330171,57143
165,E14000695,EREWASH,East Midlands,England,0.4270518604362402,0.03431149372956417,0.3528827449194984,0.16125160382434503,0.02450229709035222,,,,,,,,,48322
166,E14000696,ERITH & THAMESMEAD,London,England,0.27416289274233285,0.022807799704343337,0.4976652509561912,0.17288875331440504,0.022080390454513456,,,,,,,,0.010394912828214094,42617
167,E14000697,ESHER & WALTON,South East,England,0.6291245436675091,0.09428531311429374,0.12687798371244033,0.09742698680146027,0.04133319292333614,,,,,,,,0.010951979780960405,56976
168,E14000698,EXETER,South West,England,0.330982265170869,0.04296715909511644,0.4639564589581251,0.09395016475989484,0.0646266059461661,,,,,,,,0.003517346069828576,54018
169,E14000699,FAREHAM,South East,England,0.5610420475319927,0.08800731261425959,0.1425959780621572,0.15405850091407677,0.038921389396709326,,,,,,,,0.015374771480804388,54700
170,E14000700,FAVERSHAM & KENT MID,South East,England,0.5435233499989084,0.06634936576206799,0.16162696766587342,0.17996637774818244,0.038600091697050413,,,,,,,,0.009933847127917386,45803
171,E14000701,FELTHAM & HESTON,London,England,0.2911041392571602,0.03196032790203421,0.5231251897581216,0.1256755389130655,0.02813480416961846,,,,,,,,,49405
172,E14000702,FILTON & BRADLEY STOKE,South West,England,0.46679293700739294,0.07293130486140811,0.26643041893240466,0.14787886193763874,0.045966477261155575,,,,,,,,,49101
173,E14000703,FINCHLEY & GOLDERS GREEN,London,England,0.508973778049213,0.03274296183927974,0.3974270572706318,0.03412202762071751,0.026734175220158002,,,,,,,,,50759
174,E14000704,FOLKESTONE & HYTHE,South East,England,0.47851299763679334,0.08874750045446282,0.1443192146882385,0.22770405380839848,0.05373568442101436,,,,,,,,0.006980548991092529,55010
175,E14000705,FOREST OF DEAN,South West,England,0.46831583198707594,0.05310985460420032,0.24644588045234248,0.1775444264943457,0.05458400646203554,,,,,,,,,49520
176,E14000706,FYLDE,North West,England,0.49144798769428566,0.03726151938838763,0.18784581123585187,0.1278554537732167,0.031705581192460454,,,,,,,,0.12388364671579769,43557
177,E14000707,GAINSBOROUGH,East Midlands,England,0.5267655955015124,0.06678711353809301,0.213150362355616,0.15685836665922331,0.02618704451797568,,,,,,,,0.010251517427579626,49261
178,E14000708,GARSTON & HALEWOOD,North West,England,0.13663924218606455,0.046526345875099524,0.6908315129738889,0.09150113304615887,0.03450176591878815,,,,,,,,,48983
179,E14000709,GATESHEAD,North East,England,0.1449840575509236,0.06811773696276582,0.567841049830035,0.17826556694511053,0.040791588711164985,,,,,,,,,37949
180,E14000710,GEDLING,East Midlands,England,0.3608692028834535,0.039709987916163175,0.4230801283386808,0.1443810158756615,0.03195966498604109,,,,,,,,,47998
181,E14000711,GILLINGHAM & RAINHAM,South East,England,0.4798419643995072,0.036258974467904326,0.2561706104762309,0.19539912485662092,0.024066442924508262,,,,,,,,0.008262882875228344,47078
182,E14000712,GLOUCESTER,South West,England,0.45339039467427483,0.05378982406086543,0.31547313361864004,0.1425962910128388,0.0282453637660485,,,,,,,,0.006504992867332382,52575
183,E14000713,GOSPORT,South East,England,0.5531102486100913,0.06919123046260359,0.1453057799223749,0.1943984055386552,0.035812440994440364,,,,,,,,0.0021818944718346796,47665
184,E14000714,GRANTHAM & STAMFORD,East Midlands,England,0.5283043437819738,0.060701330108827084,0.16872849037298857,0.1750534833968933,0.03482466747279323,,,,,,,,0.03238768486652405,53755
185,E14000715,GRAVESHAM,South East,England,0.4683779094118351,0.022158399648975848,0.3014419912642853,0.18560402082211452,0.022417678852789245,,,,,,,,,50139
186,E14000716,GREAT GRIMSBY,Yorkshire and The Humber,England,0.2630814384394177,0.049805816607868134,0.39767572855829947,0.24953307046930123,0.023213068097595685,,,,,,,,0.016690877827517714,33731
187,E14000717,GREAT YARMOUTH,Eastern,England,0.42926533090467517,0.023162202882907195,0.2908767905732083,0.23094740156063776,0.0219928489509546,,,,,,,,0.003755425127616992,44469
188,E14000718,GREENWICH & WOOLWICH,London,England,0.2662471101977909,0.05661871735593801,0.5219624967891087,0.08322630362188543,0.06402517338813254,,,,,,,,0.007920198647144447,46716
189,E14000719,GUILDFORD,South East,England,0.5705553291594117,0.15474382247249288,0.12103137850553847,0.08843033379024191,0.047382654762345794,,,,,,,,0.017856481309969252,53986
190,E14000720,HACKNEY NORTH & STOKE NEWINGTON,London,England,0.14731292721550704,0.049952893539399044,0.628560546835849,0.0217491530859743,0.14594984665343677,,,,,,,,0.006474632669833825,49887
191,E14000721,HACKNEY SOUTH & SHOREDITCH,London,England,0.13493064312736444,0.04594367381252627,0.6438209331651955,0.0382093316519546,0.11599411517444304,,,,,,,,0.021101303068516184,47580
192,E14000722,HALESOWEN & ROWLEY REGIS,West Midlands,England,0.4320827057373682,0.020653612670591993,0.3617463143000593,0.16614176822310467,0.019375599068875805,,,,,,,,,43818
193,E14000723,HALIFAX,Yorkshire and The Humber,England,0.39032752039860125,0.037231732681187575,0.4001097067629648,0.12847119054693393,0.026101067355381345,,,,,,,,0.01775878225493109,43753
194,E14000724,HALTEMPRICE & HOWDEN,Yorkshire and The Humber,England,0.5417478515905408,0.06265766966794512,0.20959041778616405,0.13907746579978258,0.03710236478864573,,,,,,,,0.009824230366921673,48757
195,E14000725,HALTON,North West,England,0.1778424360882216,0.024365324389756346,0.6283899340337161,0.14066143970859338,0.022588454789774115,,,,,,,,0.0061524109899384755,45023
196,E14000726,HAMMERSMITH,London,England,0.364115929941618,0.046371976647206006,0.5000208507089241,0.0438907422852377,0.0438907422852377,,,,,,,,0.0017097581317764804,47960
197,E14000727,HAMPSTEAD & KILBURN,London,England,0.42322659550811653,0.056315321325327995,0.44431472833741015,0.028389296568082426,0.04423319249870284,,,,,,,,0.003520865762360092,53964
198,E14000728,HARBOROUGH,East Midlands,England,0.5274342017495378,0.13411217624973795,0.15328467153284672,0.14367936574488765,0.041489584722989845,,,,,,,,,52471
199,E14000729,HARLOW,Eastern,England,0.48864432442204697,0.02042891686063592,0.29994802377347407,0.1628889742604687,0.021558834828591444,,,,,,,,0.006530925854782943,44251
200,E14000730,HARROGATE & KNARESBOROUGH,Yorkshire and The Humber,England,0.5274467925659473,0.22073591127098321,0.10133767985611511,0.10643360311750599,0.04404601318944844,,,,,,,,,53376
201,E14000731,HARROW EAST,London,England,0.5034285714285714,0.021163265306122447,0.4063469387755102,0.047612244897959184,0.01726530612244898,,,,,,,,0.004183673469387755,49000
202,E14000732,HARROW WEST,London,England,0.42222603695041094,0.03362444477823316,0.4696049610540094,0.04392421088771109,0.028109778340450187,,,,,,,,0.0025105679891852454,46603
203,E14000733,HARTLEPOOL,North East,England,0.2090655862243606,0.01927070144340339,0.35644466953659154,0.2798683210939478,0.0339579640415295,,,,,,,,0.10139275766016713,39490
204,E14000734,HARWICH & ESSEX NORTH,Eastern,England,0.5104476379253386,0.07383548067393458,0.19714238519986785,0.1747604889329369,0.043814007267922034,,,,,,,,,48432
205,E14000735,HASTINGS & RYE,South East,England,0.44546115027392147,0.03169242248708936,0.35128713648948495,0.13324955328214896,0.038309737467355234,,,,,,,,,50927
206,E14000736,HAVANT,South East,England,0.5166190773623628,0.06533862764343713,0.15947622021950567,0.20609886677969128,0.05246720799500312,,,,,,,,,44828
207,E14000737,HAYES & HARLINGTON,London,England,0.247314453125,0.01970880681818182,0.5957697088068182,0.11958451704545454,0.017622514204545456,,,,,,,,,45056
208,E14000738,HAZEL GROVE,North West,England,0.4137532103935769,0.2621532196487656,0.17547837756542262,0.12223790462528054,0.02637728776695435,,,,,,,,,43219
209,E14000739,HEMEL HEMPSTEAD,Eastern,England,0.5287812544073499,0.04839522092156428,0.2382487457941289,0.14605202184030786,0.033445489895835435,,,,,,,,0.005077267140813572,49633
210,E14000740,HEMSWORTH,Yorkshire and The Humber,England,0.22859972645380372,0.032000188652549166,0.5134179125595435,0.2019761354525303,,,,,,,,,0.02400603688157336,42406
211,E14000741,HENDON,London,England,0.4901873866612936,0.021922224461011487,0.415152125730405,0.05228692323191618,0.020451339915373765,,,,,,,,,49630
212,E14000742,HENLEY,South East,England,0.5846187269172279,0.11233615757839091,0.1252263016873054,0.10875153885147368,0.06906727496560214,,,,,,,,,55236
213,E14000743,HEREFORD & HEREFORDSHIRE SOUTH,West Midlands,England,0.5257210571978754,0.10584675286200985,0.12785407452864125,0.16831368897729437,0.07226442643417906,,,,,,,,,47257
214,E14000744,HERTFORD & STORTFORD,Eastern,England,0.5613838690761768,0.07791815484123177,0.17918510226202533,0.1338735184889031,0.047639355331663025,,,,,,,,,56277
215,E14000745,HERTSMERE,Eastern,England,0.5928410293266255,0.05543910083647761,0.2242917889441217,0.12742808089277516,,,,,,,,,,50091
216,E14000746,HEXHAM,North East,England,0.5267966316760873,0.06831237743684393,0.24923289883492905,0.09925020186872766,0.056407890183412156,,,,,,,,,43345
217,E14000747,HEYWOOD & MIDDLETON,North West,England,0.19094317854052495,0.033108080267007296,0.4311261279821995,0.3219539330009477,0.022868680209320532,,,,,,,,,48538
218,E14000748,HIGH PEAK,East Midlands,England,0.4496249187816259,0.047037744393471026,0.3532654708696765,0.11441453858118884,0.035657327374037685,,,,,,,,,50789
219,E14000749,HITCHIN & HARPENDEN,Eastern,England,0.5686320541760722,0.08097516930022573,0.2064650112866817,0.08879458239277653,0.055133182844243796,,,,,,,,,55375
220,E14000750,HOLBORN & ST PANCRAS,London,England,0.21876650217601107,0.06473405320756778,0.5291986088096582,0.04989347560864577,0.12770180454139884,,,,,,,,0.00970555565671832,54917
221,E14000751,HORNCHURCH & UPMINSTER,London,England,0.48973495546382795,0.027174306611630096,0.2010102107321312,0.2530414946773843,0.025544934463031358,,,,,,,,0.0034940980519950755,55236
222,E14000752,HORNSEY & WOOD GREEN,London,England,0.0925326641862075,0.3177122090507917,0.5090767500216319,0.02199532750713853,0.05444319460067491,,,,,,,,0.004239854633555421,57785
223,E14000753,HORSHAM,South East,England,0.5731576635924462,0.11676767676767677,0.11416776460254721,0.13999121651295565,0.038612209046991655,,,,,,,,0.01730346947738252,56925
224,E14000754,HOUGHTON & SUNDERLAND SOUTH,North East,England,0.18459819688742238,0.02055132635298397,0.551274390085479,0.2151263997505781,0.028449686923536596,,,,,,,,,38489
225,E14000755,HOVE,South East,England,0.3992415827172789,0.035641781897575366,0.42291339487493773,0.06253112192132378,0.06835331520281916,,,,,,,,0.01131880338606504,52214
226,E14000756,HUDDERSFIELD,Yorkshire and The Humber,England,0.26782449725776963,0.05842679974307031,0.44928109096299224,0.14694401897326942,0.06912396857552251,,,,,,,,0.008399624487375858,40478
227,E14000757,HUNTINGDON,Eastern,England,0.5301911420244247,0.07822697444883508,0.1832567454002539,0.1693815151894434,0.038943622937042933,,,,,,,,,55927
228,E14000758,HYNDBURN,North West,England,0.31888451045771443,0.02002937953225919,0.4214797024739432,0.21344463357194488,0.026161773964138317,,,,,,,,,42887
229,E14000759,ILFORD NORTH,London,England,0.42659200523175017,0.023093272296247854,0.43862911795961745,0.08900106269925612,0.020906564211558898,,,,,,,,0.0017779776015695251,48932
230,E14000760,ILFORD SOUTH,London,England,0.2591886269070735,0.01953305594082293,0.6401602712282324,0.052107412544305745,0.029010633379565418,,,,,,,,,51912
