,id,Constituency,Country/Region,Country,Con Vote,Liberal Vote,Labour Vote,UKIP Vote,Green Vote,SNP Vote,PC Vote,DUP Vote,Sinn Fein Vote,SDLP Vote,UUP Vote,Alliance Vote,Other Vote,Total votes
0,E14000530,ALDERSHOT,South East,England,0.550561797752809,0.0743003064351379,0.31617977528089886,0.03669050051072523,0.022267620020429008,,,,,,,,,48950
1,E14000531,ALDRIDGE-BROWNHILLS,West Midlands,England,0.654082266683236,0.03337889896855971,0.2984963340375295,,,,,,,,,,0.014042500310674786,40235
2,E14000532,ALTRINCHAM AND SALE WEST,North West,England,0.5101913241144156,0.07673801856412199,0.38846372419018754,,0.018942981625307824,,,,,,,,0.0056639515059670395,52790
3,E14000533,AMBER VALLEY,East Midlands,England,0.565475540808976,0.024011700246665647,0.3842963480386807,,0.014188731963938791,,,,,,,,0.012027678941738883,45811
4,E14000534,ARUNDEL AND SOUTH DOWNS,South East,England,0.6235561603823686,0.0793779872543813,0.2271972915560276,0.027681890600106212,0.042186670207116306,,,,,,,,,60256
5,E14000535,ASHFIELD,East Midlands,England,0.4169383713719921,0.019382713579901185,0.4257596063448883,0.03770527873902346,0.007961114556037846,,,,,,,,0.09225291540815714,49993
6,E14000536,ASHFORD,South East,England,0.5898228093321531,0.05178777200688054,0.2979341672372618,0.037041366756291855,0.023413884667412614,,,,,,,,,59879
7,E14000537,ASHTON-UNDER-LYNE,North West,England,0.3195635229929852,0.01624217433937596,0.6035501470847057,0.04721796193397531,0.013426193648957837,,,,,,,,,39773
8,E14000538,AYLESBURY,South East,England,0.5496997431230117,0.09628634128914822,0.30037595903577563,0.022047190514264327,0.021043498970790876,,,,,,,,0.01054726706700917,58783
9,E14000539,BANBURY,South East,England,0.5423475520613366,0.056073551866411095,0.3409408401286508,0.025681426854228258,0.01989863877067022,,,,,,,,0.015057990318703095,61562
10,E14000540,BARKING,London,England,0.22464816795654272,0.012563182952662597,0.6778455923991694,0.06357096415612744,0.015184882233268315,,,,,,,,0.0061872103022294934,47679
11,E14000541,BARNSLEY CENTRAL,Yorkshire and The Humber,England,0.24141018753038093,0.014045590605572185,0.639138332437895,0.08542482155192263,0.01458285363420063,,,,,,,,0.005398214240028654,39087
12,E14000542,BARNSLEY EAST,Yorkshire and The Humber,England,0.26969295664116144,0.018393172454384932,0.5954483029232882,0.07963017461251717,,,,,,,,,0.036835393368648224,40776
13,E14000543,BARROW AND FURNESS,North West,England,0.47032990123975627,0.026854381172515235,0.4747215801639,0.020214330741752468,0.007879806682076067,,,,,,,,,47590
14,E14000544,BASILDON AND BILLERICAY,Eastern,England,0.6095774522463155,0.034462798877955385,0.3112560666102676,0.04470368226546151,,,,,,,,,,44918
15,E14000545,BASINGSTOKE,South East,England,0.5273409578270193,0.06086490350250179,0.3581844174410293,0.030039313795568262,0.01976411722659042,,,,,,,,0.003806290207290922,55960
16,E14000546,BASSETLAW,East Midlands,England,0.43282296650717705,0.022086124401913876,0.5256842105263158,,,,,,,,,,0.019406698564593303,52250
17,E14000547,BATH,South West,England,0.357824254280701,0.47266200108908296,0.14680434826452615,,0.022709396365689853,,,,,,,,,49583
18,E14000548,BATLEY AND SPEN,Yorkshire and The Humber,England,0.38830420230568985,0.022759390107846784,0.5549274823354406,,0.012923019709929342,,,,,,,,0.021085905541093342,53780
19,E14000549,BATTERSEA,London,England,0.41548912056376913,0.0799338879000327,0.45937011878382794,0.006484071342947437,0.015728867739474735,,,,,,,,0.022993933669948056,55058
20,E14000550,BEACONSFIELD,South East,England,0.6525130291996859,0.07938887699007639,0.21446419647319198,0.02871778396516028,0.024916113371885484,,,,,,,,,56028
21,E14000551,BECKENHAM,London,England,0.5932984698818516,0.078888243269417,0.3010846407127639,,0.02672864613596746,,,,,,,,,51630
22,E14000552,BEDFORD,Eastern,England,0.45220709570957096,0.05851897689768977,0.4684818481848185,,0.020792079207920793,,,,,,,,,48480
23,E14000553,BERMONDSEY AND OLD SOUTHWARK,London,England,0.1295432408878864,0.3108115035628236,0.532475521607628,0.01431964593906461,0.010919157225611318,,,,,,,,0.0019309307769860393,58521
24,E14000554,BERWICK-UPON-TWEED,North East,England,0.5246138538804132,0.21121955841940682,0.24552260020847153,,0.01864398749170852,,,,,,,,,42212
25,E14000555,BETHNAL GREEN AND BOW,London,England,0.12663602173004596,0.04984538236523193,0.7182448809026327,0.014943585457584622,0.025340576681989135,,,,,,,,0.06498955286251568,59825
26,E14000556,BEVERLEY AND HOLDERNESS,Yorkshire and The Humber,England,0.5841151730831446,0.050469103849886766,0.33173370717854705,,0.01286890254861785,,,,,,,,0.02081311333980373,55638
27,E14000557,BEXHILL AND BATTLE,South East,England,0.6196865751950498,0.0754136400322841,0.24699018025289213,0.03373015873015873,0.02417944578961528,,,,,,,,,59472
28,E14000558,BEXLEYHEATH AND CRAYFORD,London,England,0.5557325897895505,0.026577264378499194,0.3549536391599726,0.0430193188607847,0.013299696828874283,,,,,,,,0.006417490982318706,45189
29,E14000559,BIRKENHEAD,North West,England,0.18422921008634313,0.02560520349036942,0.7685683530678149,,0.021597233355472596,,,,,,,,,43663
30,E14000560,"BIRMINGHAM, EDGBASTON",West Midlands,England,0.3945473722828579,0.0358616894432725,0.5531505090342108,,0.01288636155186646,,,,,,,,0.0035540676877923506,43612
31,E14000561,"BIRMINGHAM, ERDINGTON",West Midlands,England,0.3838568396163044,0.020152081038235216,0.5796007201010291,,0.01639035924443131,,,,,,,,,37217
32,E14000562,"BIRMINGHAM, HALL GREEN",West Midlands,England,0.15096667280427178,0.05776100165715338,0.7759712760081017,,0.01530104953047321,,,,,,,,,54310
33,E14000563,"BIRMINGHAM, HODGE HILL",West Midlands,England,0.14182868474371685,0.017351381644178127,0.8105789541751088,0.021899383540975127,0.008341595896021037,,,,,,,,,46394
34,E14000564,"BIRMINGHAM, LADYWOOD",West Midlands,England,0.13198731449875323,0.0279855714527804,0.8271237320550996,,0.012903381993366742,,,,,,,,,41307
35,E14000565,"BIRMINGHAM, NORTHFIELD",West Midlands,England,0.4268287183187517,0.021624425002254893,0.5320645801389015,,0.019482276540092,,,,,,,,,44348
36,E14000566,"BIRMINGHAM, PERRY BARR",West Midlands,England,0.2653121252573704,0.024436047695544947,0.6812453333936692,,0.013371948322284317,,,,,,,,0.015634545331131074,44197
37,E14000567,"BIRMINGHAM, SELLY OAK",West Midlands,England,0.31905685413902213,0.03356129427375727,0.629498826171277,,0.017883025415943655,,,,,,,,,48985
38,E14000568,"BIRMINGHAM, YARDLEY",West Midlands,England,0.19828322322592243,0.17940766707114286,0.5707159228798706,0.043054244753044806,0.006291852051593187,,,,,,,,0.002247090018426138,44502
39,E14000569,BISHOP AUCKLAND,North East,England,0.46916660890460016,0.027171276079573023,0.4807652318569349,,,,,,,,,,0.022896883158891893,43281
40,E14000570,BLACKBURN,North West,England,0.26896769441229085,0.014921603704093444,0.6976323266336947,,,,,,,,,,0.01847837524992108,47515
41,E14000571,BLACKLEY AND BROUGHTON,North West,England,0.21581532171615186,0.018373096003789294,0.7044599007802956,0.04549647246528557,0.011517463166554484,,,,,,,,0.0043377458679231175,40113
42,E14000572,BLACKPOOL NORTH AND CLEVELEYS,North West,England,0.49394005901431465,0.018216402077694052,0.4446070183139464,0.0339454239520082,0.009291096642036726,,,,,,,,,41007
43,E14000573,BLACKPOOL SOUTH,North West,England,0.43080708379824334,0.0181386433210311,0.502989729064744,0.038308585815237606,0.009755958000743857,,,,,,,,,34953
44,E14000574,BLAYDON,North East,England,0.2808002662008152,0.09079943432326762,0.5610806089343648,0.05113967224024624,0.012124615256634223,,,,,,,,0.004055403044671824,48084
45,E14000575,BLYTH VALLEY,North East,England,0.3731466227347611,0.04582254648152506,0.5594257472346434,,0.02160508354907037,,,,,,,,,42490
46,E14000576,BOGNOR REGIS AND LITTLEHAMPTON,South East,England,0.5895778158591681,0.06527496494781118,0.24890948745910577,0.03624006854650257,0.019337124162642157,,,,,,,,0.040660539024770216,51352
47,E14000577,BOLSOVER,East Midlands,England,0.405533222984157,0.029493325307938693,0.5192072056579032,0.045766246050001076,,,,,,,,,,46519
48,E14000578,BOLTON NORTH EAST,North West,England,0.4221277914259788,0.029125998716331362,0.5061638226766705,0.03468118540158909,0.007901201779430317,,,,,,,,,45183
49,E14000579,BOLTON SOUTH EAST,North West,England,0.29652907402594336,0.01845332325213241,0.6066677692980176,0.06566169694964913,0.012688136474257495,,,,,,,,,42323
50,E14000580,BOLTON WEST,North West,England,0.4790809730873193,0.029086849218474556,0.46074744388294747,0.031084733811258668,,,,,,,,,,51054
51,E14000581,BOOTLE,North West,England,0.12048600063633472,0.01664412981228126,0.8403396436525612,,0.014098790964047089,,,,,,,,0.008431434934775692,50288
52,E14000582,BOSTON AND SKEGNESS,East Midlands,England,0.6359989738566665,0.017980829776813825,0.2495160801324658,0.077147321532685,0.012756827351384127,,,,,,,,0.0065999673499848414,42879
53,E14000583,BOSWORTH,East Midlands,England,0.5672981056829511,0.17347956131605186,0.24058182595071928,,0.018640507050277737,,,,,,,,,56168
54,E14000584,BOURNEMOUTH EAST,South West,England,0.5187584845119092,0.06516105146242132,0.3555061911226295,0.028898761775474104,0.02542268295692953,,,,,,,,0.00625282817063639,48618
55,E14000585,BOURNEMOUTH WEST,South West,England,0.5350169636236997,0.06580987260430944,0.3617633181297324,,0.028018064574111937,,,,,,,,0.009391781068146584,44507
56,E14000586,BRACKNELL,South East,England,0.5883131754097187,0.07489443927574609,0.3017605381807772,0.027213196879696557,,,,,,,,,0.007818650254061404,55892
57,E14000587,BRADFORD EAST,Yorkshire and The Humber,England,0.20365174696418395,0.018477927315768708,0.6538731313839814,0.030073210293279556,0.006334663101135417,,,,,,,,0.08758932094165096,45622
58,E14000588,BRADFORD SOUTH,Yorkshire and The Humber,England,0.3815927306389924,0.012570342761090404,0.544812297498112,0.042826865453482424,0.009013617871324514,,,,,,,,0.009184145776998222,41049
59,E14000589,BRADFORD WEST,Yorkshire and The Humber,England,0.16565629942013707,0.015638727815849587,0.6467228958003866,0.01943858724301529,0.010564927077842207,,,,,,,,0.14197856264276928,45528
60,E14000590,BRAINTREE,Eastern,England,0.6282345296793181,0.043018766960975424,0.27617245728700834,0.03506860834002217,0.017505637732675917,,,,,,,,,52326
61,E14000591,BRENT CENTRAL,London,England,0.19525393911580236,0.04816811993269084,0.7306103717301514,0.010631788282086585,0.015335780939268778,,,,,,,,,52296
62,E14000592,BRENT NORTH,London,England,0.32660690241655443,0.028594713344199562,0.6288710934731769,,0.01169300545673588,,,,,,,,0.004234285309333144,56444
63,E14000593,BRENTFORD AND ISLEWORTH,London,England,0.3761540833049376,0.0500251504973308,0.5738207661977316,,,,,,,,,,,61629
64,E14000594,BRENTWOOD AND ONGAR,Eastern,England,0.657928557928558,0.08365148365148366,0.2042903042903043,0.03487053487053487,0.017293517293517295,,,,,,,,0.0019656019656019656,52910
65,E14000595,BRIDGWATER AND WEST SOMERSET,South West,England,0.5511009662416119,0.10867214718451268,0.28597662484768394,0.0360753084936585,0.018174953232532993,,,,,,,,,58267
66,E14000596,BRIGG AND GOOLE,Yorkshire and The Humber,England,0.604101471469472,0.018554275695230486,0.32971569345495705,0.035421799054530925,0.012206760325809531,,,,,,,,,45057
67,E14000597,"BRIGHTON, KEMPTOWN",South East,England,0.3827707439998374,0.02960960838905034,0.5833113174954783,,,,,,,,,,0.004308330115633955,49207
68,E14000598,"BRIGHTON, PAVILION",South East,England,0.19210567372198242,,0.2678246398668678,0.010921004732435385,0.5226307486955467,,,,,,,,0.006517932983167785,57687
69,E14000599,BRISTOL EAST,South West,England,0.3435697553101439,0.027343057934211303,0.60723636292053,,0.021850823835114865,,,,,,,,,50799
70,E14000600,BRISTOL NORTH WEST,South West,England,0.4184967465246968,0.05201863354037267,0.5065069506063294,,0.022977669328601007,,,,,,,,,54096
71,E14000601,BRISTOL SOUTH,South West,England,0.30670074657055646,0.03348534441543158,0.6006766944945019,0.03074546725019308,0.026258688536648155,,,,,,,,0.002133058732668898,54382
72,E14000602,BRISTOL WEST,South West,England,0.1379315160317283,0.07263154954753659,0.6593257736565746,,0.12870070383197407,,,,,,,,0.001410456932186348,71608
73,E14000603,BROADLAND,Eastern,England,0.5789783995283272,0.07948759178860482,0.29640349466688104,0.02847903378535313,0.016651480230833824,,,,,,,,,55971
74,E14000604,BROMLEY AND CHISLEHURST,London,England,0.5395182375380395,0.0722000771505722,0.333997685482834,0.02963867815352964,0.024645321675024645,,,,,,,,,46662
75,E14000605,BROMSGROVE,West Midlands,England,0.619781643227239,0.046039970392301996,0.3131014063656551,,0.021076980014803848,,,,,,,,,54040
76,E14000606,BROXBOURNE,Eastern,England,0.6215647046435716,0.031188796462040643,0.28899652521849006,0.040391702642939876,0.017858271032957777,,,,,,,,,47485
77,E14000607,BROXTOWE,East Midlands,England,0.46809468905383006,0.04048065143763061,0.45254738055775745,0.026608777113208908,0.012268501837572962,,,,,,,,,55508
78,E14000608,BUCKINGHAM,South East,England,,,,0.07912071223827331,0.1627593538222062,,,,,,,,0.7581199339395205,52679
79,E14000609,BURNLEY,North West,England,0.3097294614048151,0.1500620501365103,0.4674112683047903,0.06135517498138496,0.011442045172499379,,,,,,,,,40290
80,E14000610,BURTON,West Midlands,England,0.5797519584861053,0.02528500731301717,0.37845364749253674,,0.016509386708340845,,,,,,,,,49911
81,E14000611,BURY NORTH,North West,England,0.4448155647871741,0.019038473582030355,0.5361459616307955,,,,,,,,,,,47903
82,E14000612,BURY SOUTH,North West,England,0.415767797607374,0.020886448323200628,0.5327515199058639,0.025808982153363403,,,,,,,,,0.004785252010198078,50990
83,E14000613,BURY ST EDMUNDS,Eastern,England,0.591924066924067,0.05735199485199485,0.29525418275418275,,0.041763191763191765,,,,,,,,0.013706563706563707,62160
84,E14000614,CALDER VALLEY,Yorkshire and The Humber,England,0.4614669101181658,0.03362386743376856,0.4509766768870362,0.025252351259172495,0.010869190753436456,,,,,,,,0.017811003548420436,58054
85,E14000615,CAMBERWELL AND PECKHAM,London,England,0.12800459834181008,0.059447502264334984,0.7779732460112868,,0.028339023200724588,,,,,,,,0.006235630181843517,57412
86,E14000616,CAMBORNE AND REDRUTH,South West,England,0.4746780584447746,0.061478454680534915,0.4421330691761598,,0.021710417698530625,,,,,,,,,48456
87,E14000617,CAMBRIDGE,Eastern,England,0.163281724890049,0.2926842349912397,0.5190402974934745,,0.02261594021525369,,,,,,,,0.0023778024099831946,55934
88,E14000618,CANNOCK CHASE,West Midlands,England,0.5497576871657754,0.016585895721925134,0.3744777740641711,0.04215407754010695,0.01702456550802139,,,,,,,,,47872
89,E14000619,CANTERBURY,South East,England,0.446919014084507,0.0802992957746479,0.4502112676056338,,0.022570422535211267,,,,,,,,,56800
90,E14000620,CARLISLE,North West,England,0.49869936826458566,0.029171311780007432,0.4383361204013378,0.03379319955406912,,,,,,,,,,43056
91,E14000621,CARSHALTON AND WALLINGTON,London,England,0.38322857762102736,0.4102023525702914,0.18442259570862807,,0.009871337654916951,,,,,,,,0.012275136445136248,50753
92,E14000622,CASTLE POINT,Eastern,England,0.6726906732274659,0.023462312681726685,0.25059270856631627,0.05325430552449117,,,,,,,,,,44710
93,E14000623,CENTRAL DEVON,South West,England,0.540730239955743,0.11703893230067076,0.2696563169905262,0.022923725883410552,0.02646774082013692,,,,,,,,0.02318304404951248,57844
94,E14000624,CENTRAL SUFFOLK AND NORTH IPSWICH,Eastern,England,0.6013728681621966,0.043008279668813244,0.2973427216757484,0.028925766046281224,0.029350364446960583,,,,,,,,,56524
95,E14000625,CHARNWOOD,East Midlands,England,0.6038494997825141,0.0371900826446281,0.30768812527185735,0.0266601420907641,0.018776279541829782,,,,,,,,0.005835870668406553,55176
96,E14000626,CHATHAM AND AYLESFORD,South East,England,0.569993316997104,0.024860770773000668,0.33702383604366226,0.04956560481176209,0.01276453553129873,,,,,,,,0.0057919358431721985,44890
97,E14000627,CHEADLE,North West,England,0.4458513523418603,0.3632632119035403,0.19088543575459943,,,,,,,,,,,54572
98,E14000628,CHELMSFORD,Eastern,England,0.5368448821667253,0.12163207879001055,0.29815335912768204,0.02893070699964826,0.014438972915933873,,,,,,,,,56860
99,E14000629,CHELSEA AND FULHAM,London,England,0.5264669578427649,0.10983194075199393,0.3321069122673756,0.012438283327003419,0.019155905810862135,,,,,,,,,42128
100,E14000630,CHELTENHAM,South West,England,0.46683154423630113,0.4217708552585421,0.09485722304076334,,0.01654037746439346,,,,,,,,,57012
101,E14000631,CHESHAM AND AMERSHAM,South East,England,0.6065662781437776,0.12993194816477233,0.2058568015637443,0.02760081083037718,0.030044161297328602,,,,,,,,,55252
102,E14000632,CHESTERFIELD,East Midlands,England,0.34763285830533935,0.054499551401089155,0.5480418135915037,0.03361362071483715,0.01621215598723058,,,,,,,,,47927
103,E14000633,CHICHESTER,South East,England,0.6013551854200742,0.11263727093694716,0.2238225574952435,0.027537634767515605,0.03324543542841884,,,,,,,,0.0014019159518007943,59918
104,E14000634,CHINGFORD AND WOODFORD GREEN,London,England,0.49138646962373034,0.04350418432316177,0.43947105044611484,,0.025638295606993038,,,,,,,,,46961
105,E14000635,CHIPPENHAM,South West,England,0.5471998599929997,0.2561603080154008,0.19663983199159957,,,,,,,,,,,57140
106,E14000636,CHIPPING BARNET,London,England,0.46332749941360085,0.0543456687656749,0.45695830250978836,,0.025368529310935892,,,,,,,,,55423
107,E14000637,CHORLEY,North West,England,0.41760434266815255,0.02023942193622605,0.5526296868821224,,0.009526548513498939,,,,,,,,,55634
108,E14000638,CHRISTCHURCH,South West,England,0.6957775407828731,0.07939329304419955,0.19866097878895603,,0.026168187383971246,,,,,,,,,50634
109,E14000639,CITIES OF LONDON AND WESTMINSTER,London,England,0.4657991410979459,0.11046722202100688,0.384358669219227,0.011020851658301857,0.021239716458839965,,,,,,,,0.0071143995446784295,38654
110,E14000640,CITY OF CHESTER,North West,England,0.4049378777405576,0.027489764449407136,0.5675723578100352,,,,,,,,,,,56421
111,E14000641,CITY OF DURHAM,North East,England,0.29815412631404686,0.09906050823607317,0.5540104296001986,0.023094114725602185,0.016492839996689015,,,,,,,,0.009187981127390117,48324
112,E14000642,CLACTON,Eastern,England,0.6123230263903047,0.020092875750368104,0.253777324725337,0.07604485219164119,0.016287235247479895,,,,,,,,0.02147468569486918,44145
113,E14000643,CLEETHORPES,Yorkshire and The Humber,England,0.5710433910208177,0.023200401304238776,0.3536702616838057,0.04226235264609982,0.00982359334503804,,,,,,,,,47844
114,E14000644,COLCHESTER,Eastern,England,0.45877299467737415,0.1697077224764217,0.3527500233448501,,0.015463628723503596,,,,,,,,0.003305630777850406,53545
115,E14000645,COLNE VALLEY,Yorkshire and The Humber,England,0.4618172790466733,0.04127772260840781,0.47696127110228403,,0.014763323402846739,,,,,,,,0.00518040383978815,60420
116,E14000646,CONGLETON,North West,England,0.5660578684355605,0.051608543330191534,0.3416442887375291,0.022923298536394514,0.017766000960324376,,,,,,,,,56231
117,E14000647,COPELAND,North West,England,0.490646912199781,0.032706688098399606,0.45116127379038834,0.025485125911431036,,,,,,,,,,42927
118,E14000648,CORBY,East Midlands,England,0.49225794623064484,0.02575128756437822,0.44742237111855593,0.02491791256229478,0.009650482524126206,,,,,,,,,59997
119,E14000649,COVENTRY NORTH EAST,West Midlands,England,0.29928184398383073,0.024877440440354347,0.6342779736819472,0.029027264126601875,0.010793841919669735,,,,,,,,0.0017416358475961125,46508
120,E14000650,COVENTRY NORTH WEST,West Midlands,England,0.3673895163393448,0.02579790968725551,0.5395093181407852,0.03059238901482477,0.013360348251720194,,,,,,,,0.02335051856606953,49849
121,E14000651,COVENTRY SOUTH,West Midlands,England,0.38135250696675105,0.028568997426024804,0.5504052415494906,0.022059605607436875,0.012848603458912124,,,,,,,,0.0047650449913846284,47009
122,E14000652,CRAWLEY,South East,England,0.5057585582718358,0.0373560360432041,0.4568854056849601,,,,,,,,,,,50273
123,E14000653,CREWE AND NANTWICH,North West,England,0.4703145728460574,0.024242644519962928,0.47118687189924946,0.03425591073473022,,,,,,,,,,55027
124,E14000654,CROYDON CENTRAL,London,England,0.4242525091520555,0.018969715016377363,0.5232523515089944,0.018216531502338373,0.010964950692753673,,,,,,,,0.004343942127480689,57091
125,E14000655,CROYDON NORTH,London,England,0.19871526088925415,0.027774516545628365,0.7415426932559582,0.012629354443754928,0.016486926186203312,,,,,,,,0.0028512486792009796,59623
126,E14000656,CROYDON SOUTH,London,England,0.5441663809850302,0.05780563853926898,0.35796725272213786,0.018218326068857437,0.018365248053283708,,,,,,,,0.003477153631421715,61257
127,E14000657,DAGENHAM AND RAINHAM,London,England,0.3993194162685688,0.01014331522806099,0.50079619571145,0.0708068843662064,0.011866588137774579,,,,,,,,0.007067600287939271,45843
128,E14000658,DARLINGTON,North East,England,0.43289376798982526,0.023004663408974273,0.5060802820358347,0.026329294687283844,0.011691991878081977,,,,,,,,,44817
129,E14000659,DARTFORD,South East,England,0.5755753909707878,0.026335202124520507,0.3323989377397462,0.04691649454116258,0.014882708763647093,,,,,,,,0.003891265860135733,54224
130,E14000660,DAVENTRY,East Midlands,England,0.6371198102869051,0.07213049961374701,0.2466629538472594,0.02689398702908575,0.017192749223002714,,,,,,,,,55663
131,E14000661,DENTON AND REDDISH,North West,England,0.2799060582337938,0.02154094800373747,0.6353948332028586,0.04540518699967171,0.012273037197909039,,,,,,,,0.005479936362029344,39599
132,E14000662,DERBY NORTH,East Midlands,England,0.44393080210387903,0.046474358974358976,0.4853303747534517,0.024264464168310323,,,,,,,,,,48672
133,E14000663,DERBY SOUTH,East Midlands,England,0.3350991038714519,0.027126649891846554,0.5833664415309231,0.04438705690195559,0.010020747803822894,,,,,,,,,45306
134,E14000664,DERBYSHIRE DALES,East Midlands,England,0.6000282423190979,0.06306106392850659,0.3110084525226443,,0.02021343124003954,,,,,,,,0.005688809989711727,49571
135,E14000665,DEVIZES,South West,England,0.6274385784594707,0.09301682050876603,0.2096732749589864,0.03372007985294408,0.03174352183108335,,,,,,,,0.004407724388749432,50593
136,E14000666,DEWSBURY,Yorkshire and The Humber,England,0.4508444601644708,0.021469625961623485,0.5095764435405429,,0.01810947033336281,,,,,,,,,56545
137,E14000667,DON VALLEY,Yorkshire and The Humber,England,0.4171088109941724,0.018613551361224667,0.5295076976602592,,,,,,,,,,0.034769939984343745,45988
138,E14000668,DONCASTER CENTRAL,Yorkshire and The Humber,England,0.343622164373373,0.022615284492376347,0.579095388620305,,,,,,,,,,0.054667162513945704,43024
139,E14000669,DONCASTER NORTH,Yorkshire and The Humber,England,0.27621005861221404,0.016685573832482512,0.607652675363963,0.06470977500472679,,,,,,,,,0.03474191718661373,42312
140,E14000670,DOVER,South East,England,0.5236308355463187,0.02570911749990378,0.39976138244236614,0.03313705114882808,0.017761613362583226,,,,,,,,,51966
141,E14000671,DUDLEY NORTH,West Midlands,England,0.46435363659727574,0.009457722950398356,0.46491904394757133,0.055101516319712156,0.006168080185042405,,,,,,,,,38910
142,E14000672,DUDLEY SOUTH,West Midlands,England,0.5644807028553499,0.016342432799916328,0.3623574939859847,0.046830875431440225,0.009988494927308859,,,,,,,,,38244
143,E14000673,DULWICH AND WEST NORWOOD,London,England,0.1948595550647454,0.0797071763176175,0.6963646402935362,,0.025078816593342,,,,,,,,0.0039898117307589544,56143
144,E14000674,EALING CENTRAL AND ACTON,London,England,0.3474756965776445,0.055563586426222396,0.5969607169961332,,,,,,,,,,,55342
145,E14000675,EALING NORTH,London,England,0.2845228120953614,0.02427831518013558,0.6595132911874476,0.01753751237718029,0.014148069159875086,,,,,,,,,52516
146,E14000676,"EALING, SOUTHALL",London,England,0.21331265920921474,0.04190940303466607,0.7026248754014841,0.011164027024033669,0.022970428618894673,,,,,,,,0.008018606711706722,45145
147,E14000677,EASINGTON,North East,England,0.22714772852271478,0.012649873501264987,0.6366736332636673,0.0474920250797492,0.01127488725112749,,,,,,,,0.06476185238147618,36364
148,E14000678,EAST DEVON,South West,England,0.48534331423271837,0.02431188102414627,0.11356033254943526,0.01992315590738962,,,,,,,,,0.3568613162863105,60382
149,E14000679,EAST HAM,London,England,0.12785831582293009,0.011583352462345277,0.8320943619444493,0.012307311991241856,0.008369678456023873,,,,,,,,0.0077869793230095526,56633
150,E14000680,EAST HAMPSHIRE,South East,England,0.6364243430551545,0.15165680046202715,0.16984911926075658,,0.031764366156511695,,,,,,,,0.0103053710655501,55408
151,E14000681,EAST SURREY,South East,England,0.5964224785906119,0.10467374964106549,0.19249024542675203,0.03761633700994882,0.01858013951995676,,,,,,,,0.05021704981166495,59203
152,E14000682,EAST WORTHING AND SHOREHAM,South East,England,0.4892595590865448,0.04749891748404465,0.3931321422520097,0.027185270252461546,0.023965961933091102,,,,,,,,0.018958148991848185,53117
153,E14000683,EAST YORKSHIRE,Yorkshire and The Humber,England,0.5827340796204314,0.039550745051523464,0.3046185781006746,0.0368077692934984,0.017477203647416412,,,,,,,,0.01881162428645563,53956
154,E14000684,EASTBOURNE,South East,England,0.44087425983977707,0.46889585510275167,0.08134796238244514,,0.008881922675026124,,,,,,,,,57420
155,E14000685,EASTLEIGH,South East,England,0.5043470670391061,0.2568086592178771,0.19996508379888267,0.025785614525139666,0.013093575418994413,,,,,,,,,57280
156,E14000686,EDDISBURY,North West,England,0.5688341549913287,0.054638632865020756,0.3361328163058516,0.02160993004540229,0.015296478886961944,,,,,,,,0.003487986905434634,51319
157,E14000687,EDMONTON,London,England,0.23137506296075827,0.019643756582261092,0.714799212418151,0.019689546224643986,0.01449242181418563,,,,,,,,,43678
158,E14000688,ELLESMERE PORT AND NESTON,North West,England,0.3680284261567758,0.01751114077622254,0.5916292035571958,0.016117316790671195,0.006713912719134651,,,,,,,,,50939
159,E14000689,ELMET AND ROTHWELL,Yorkshire and The Humber,England,0.5433475529878069,0.04376742467501932,0.3786738772631084,,0.01671089315105304,,,,,,,,0.017500251923012328,59542
160,E14000690,ELTHAM,London,England,0.4080164662550103,0.03156754414472972,0.5444263893402665,,,,,,,,,,0.0159896002599935,46155
161,E14000691,ENFIELD NORTH,London,England,0.36919592298980747,0.02133223514876969,0.5801914959332853,0.017461134561927313,0.011819211366210234,,,,,,,,,48565
162,E14000692,"ENFIELD, SOUTHGATE",London,England,0.42695745737460683,0.039831981460023175,0.5170708491971527,,0.01613971196821718,,,,,,,,,48328
163,E14000693,EPPING FOREST,Eastern,England,0.6195868370783197,0.056795131845841784,0.2603241497469426,0.036845940250891114,0.024281691250320016,,,,,,,,0.002166249827684673,50779
164,E14000694,EPSOM AND EWELL,South East,England,0.5958390983025681,0.12487767016501873,0.250362771234772,,0.028920460297641143,,,,,,,,,59266
165,E14000695,EREWASH,East Midlands,England,0.52106225266668,0.024969365822301682,0.429983326972138,,0.013559390128763987,,,,,,,,0.01042566441011631,49781
166,E14000696,ERITH AND THAMESMEAD,London,England,0.3501934148974451,0.016867578265563152,0.5754093198992444,0.0388629003238575,0.01140248290752069,,,,,,,,0.007264303706369197,44464
167,E14000697,ESHER AND WALTON,South East,England,0.586059957889108,0.17335650546438955,0.19673473480164433,0.01727883426356071,0.01794726112095184,,,,,,,,0.008622706460345577,59842
168,E14000698,EXETER,South West,England,0.3287263410497447,0.02818324522310232,0.6195261894881187,,0.01853021308842899,,,,,,,,0.005034011150605345,55423
169,E14000699,FAREHAM,South East,England,0.6299329989125478,0.0683340933805732,0.2518679622548848,0.027028449152839654,0.022836496299154595,,,,,,,,,57014
170,E14000700,FAVERSHAM AND MID KENT,South East,England,0.6108665500814087,0.0653078453838268,0.26084946431084044,0.03421174294960703,0.028764397274317073,,,,,,,,,49749
171,E14000701,FELTHAM AND HESTON,London,England,0.31793237407358516,0.02615648631829068,0.6121787014162596,0.028476059365983367,0.015256378825881154,,,,,,,,,53027
172,E14000702,FILTON AND BRADLEY STOKE,South West,England,0.4997633229458404,0.06019486410792474,0.41712358486844703,,0.02291822807778786,,,,,,,,,50702
173,E14000703,FINCHLEY AND GOLDERS GREEN,London,England,0.46958098692373773,0.06610670993605039,0.43794979478858453,0.008819318507206261,0.017543189844421114,,,,,,,,,52385
174,E14000704,FOLKESTONE AND HYTHE,South East,England,0.5468704883227177,0.07171125265392782,0.28511252653927815,0.04356687898089172,0.04242887473460722,,,,,,,,0.010309978768577494,58875
175,E14000705,FOREST OF DEAN,South West,England,0.5427395831321112,0.03919485386443101,0.35918635424111883,0.02389553190256341,0.023972801205401125,,,,,,,,0.011010875654374409,51767
176,E14000706,FYLDE,North West,England,0.588245421481912,0.05037983945595799,0.33419415929584434,,0.02718057976628575,,,,,,,,,46467
177,E14000707,GAINSBOROUGH,East Midlands,England,0.6181818181818182,0.07058823529411765,0.28715605250364606,,0.024073894020418086,,,,,,,,,51425
178,E14000708,GARSTON AND HALEWOOD,North West,England,0.17656290871043684,0.0321923694929188,0.7772317925339113,,0.014012929262733082,,,,,,,,,53522
179,E14000709,GATESHEAD,North East,England,0.23931786333515426,0.04059093176258224,0.6514025128850676,0.05417666199558226,0.014512030021613661,,,,,,,,,42103
180,E14000710,GEDLING,East Midlands,England,0.4283696451375721,0.02035524940985256,0.5191943036260207,0.0221160171819976,0.0099647846445571,,,,,,,,,51682
181,E14000711,GILLINGHAM AND RAINHAM,South East,England,0.5543709585004502,0.028075632315625768,0.3614021445526725,0.042911516738970285,0.010640910207088483,,,,,,,,0.002598837685192764,48868
182,E14000712,GLOUCESTER,South West,England,0.5031902498566699,0.05023025281574226,0.40110225444323205,0.027648832091139428,0.013944628359009451,,,,,,,,0.0038837824342068763,54071
183,E14000713,GOSPORT,South East,England,0.6193690507467513,0.047048361997534406,0.27153857036034035,0.036175501707726196,0.020694812150118227,,,,,,,,0.005173703037529557,49481
184,E14000714,GRANTHAM AND STAMFORD,East Midlands,England,0.6200413478698779,0.05513049317053346,0.2649797678158076,0.030834202109801565,0.013817963352358065,,,,,,,,0.015196225681621402,56593
185,E14000715,GRAVESHAM,South East,England,0.5558911770108373,0.02469538951364369,0.36512439537114516,0.03555319713451844,0.014756005469722637,,,,,,,,0.003979835500132661,48997
186,E14000716,GREAT GRIMSBY,Yorkshire and The Humber,England,0.4217223614200051,0.026857351988964273,0.49393316629599393,0.046395090228315644,,,,,,,,,0.011092030066721095,35521
187,E14000717,GREAT YARMOUTH,Eastern,England,0.5414080550899288,0.02235763149549223,0.36080279073981786,0.0626783853576768,0.012753137317084221,,,,,,,,,44146
188,E14000718,GREENWICH AND WOOLWICH,London,England,0.2542273942680676,0.07127254924114036,0.6442774827703084,,0.03022257372048356,,,,,,,,,53106
189,E14000719,GUILDFORD,South East,England,0.5457673530418491,0.23879010610891926,0.1899691941847268,,0.02075339134194455,,,,,,,,0.004719955322560305,55509
190,E14000720,HACKNEY NORTH AND STOKE NEWINGTON,London,England,0.12657643255533058,0.06779992184447049,0.7507371487441827,,0.046289388610607836,,,,,,,,0.008597108245408363,56298
191,E14000721,HACKNEY SOUTH AND SHOREDITCH,London,England,0.10917006901036962,0.05723163637677494,0.7944141344798931,,0.027495754597680385,,,,,,,,0.011688405535282003,55354
192,E14000722,HALESOWEN AND ROWLEY REGIS,West Midlands,England,0.5185335406385904,0.01935600171252169,0.400166745532797,0.047905540908988485,0.009914599247391784,,,,,,,,0.004123571959710674,44379
193,E14000723,HALIFAX,Yorkshire and The Humber,England,0.4169980942911592,0.022164222387936035,0.5283577761206396,0.03247990720026514,,,,,,,,,,48276
194,E14000724,HALTEMPRICE AND HOWDEN,Yorkshire and The Humber,England,0.609545101088647,0.04825038880248834,0.31006998444790046,,0.013821928460342147,,,,,,,,0.018312597200622085,51440
195,E14000725,HALTON,North West,England,0.21628498727735368,0.018094430308170765,0.7293307484147179,0.030049678904640737,,,,,,,,,0.006240155095116927,49518
196,E14000726,HAMMERSMITH,London,England,0.2817882569088265,0.053624741636683765,0.638731531807395,0.009702977876444922,0.015310418739952538,,,,,,,,0.0008420730306973895,52252
197,E14000727,HAMPSTEAD AND KILBURN,London,England,0.3236598352937148,0.07019706542024072,0.5900662591812625,,0.012703956717516736,,,,,,,,0.0033728833872652252,58407
198,E14000728,HARBOROUGH,East Midlands,England,0.5231952498350637,0.1264974478280496,0.30740650717038787,0.023629292683773742,0.019271502482725095,,,,,,,,,57598
199,E14000729,HARLOW,Eastern,England,0.5402934486910761,0.02162957677384828,0.3835124648798109,0.03984747803594523,0.014717031619319448,,,,,,,,,44846
200,E14000730,HARROGATE AND KNARESBOROUGH,Yorkshire and The Humber,England,0.5547585477617202,0.2345611561508636,0.2008283397955587,,,,,,,,,,0.009851956291857596,56740
201,E14000731,HARROW EAST,London,England,0.4942275543317927,0.030937161962828204,0.4596715507916216,,0.015163732913757498,,,,,,,,,50845
202,E14000732,HARROW WEST,London,England,0.3440770529242379,0.02516135438387449,0.6084797934663886,0.009333730513355178,0.01294806871214378,,,,,,,,,50355
203,E14000733,HARTLEPOOL,North East,England,0.3422732162065256,0.017831958886100157,0.5251344567945501,0.1147603681128242,,,,,,,,,,41835
204,E14000734,HARWICH AND NORTH ESSEX,Eastern,England,0.5850687315461176,0.054496392327095675,0.30435462740267105,0.03294812381455192,0.020375041551788195,,,,,,,,0.002757083357775562,51141
205,E14000735,HASTINGS AND RYE,South East,England,0.46868495051674397,0.03441916517547383,0.46236716210787715,0.027005806522294853,,,,,,,,,0.007522915677610196,54766
206,E14000736,HAVANT,South East,England,0.5975730880511293,0.060478473031912595,0.2530552316794058,0.0434209958112018,0.024225936002072807,,,,,,,,0.021246275424277757,46314
207,E14000737,HAYES AND HARLINGTON,London,England,0.28620141416677125,0.012572695703108656,0.6651604535375089,0.02412032969331827,0.011945106899292917,,,,,,,,,47802
208,E14000738,HAZEL GROVE,North West,England,0.4542508837124989,0.3293075319496057,0.20474938819903923,,0.01169219613885616,,,,,,,,,44132
209,E14000739,HEMEL HEMPSTEAD,Eastern,England,0.5496155464595845,0.061837726177269424,0.36896063654795147,,0.019586090815194523,,,,,,,,,52282
210,E14000740,HEMSWORTH,Yorkshire and The Humber,England,0.3388037611004701,0.01985025248128156,0.5602472575309072,0.05639474142434268,,,,,,,,,0.02470398746299843,45944
211,E14000741,HENDON,London,England,0.4802834434549459,0.038015895815378724,0.459752944556162,0.01087810016278847,0.011069616010724887,,,,,,,,,52215
212,E14000742,HENLEY,South East,England,0.5910611394245083,0.1486015516909228,0.20061647314313735,0.020210511567628153,0.03264505507977373,,,,,,,,0.006865269094029668,57099
213,E14000743,HEREFORD AND SOUTH HEREFORDSHIRE,West Midlands,England,0.5349021472149592,0.0704381586245147,0.2375207986688852,0.022838919261548213,0.024166072418984233,,,,,,,,0.11013390381110846,50484
214,E14000744,HERTFORD AND STORTFORD,Eastern,England,0.6031470862781704,0.08076076810241366,0.2858547806374183,,0.0302373649819976,,,,,,,,,59992
215,E14000745,HERTSMERE,Eastern,England,0.611027118060207,0.05347061412741852,0.2866246914052782,0.029931295810766846,0.0189462805963294,,,,,,,,,52253
216,E14000746,HEXHAM,North East,England,0.5407580477673936,0.07106697819314642,0.3409484250605746,0.020119418483904465,0.027107130494980963,,,,,,,,,46224
217,E14000747,HEYWOOD AND MIDDLETON,North West,England,0.3802466659981951,0.0217988569136669,0.5329990975634212,0.06495537952471674,,,,,,,,,,49865
218,E14000748,HIGH PEAK,East Midlands,England,0.45366089168662843,0.04956084155014577,0.49677826676322584,,,,,,,,,,,53853
219,E14000749,HITCHIN AND HARPENDEN,Eastern,England,0.5305785686337887,0.10608509262882126,0.3259105523705833,,0.02260857730976643,,,,,,,,0.014817209057040301,58783
220,E14000750,HOLBORN AND ST PANCRAS,London,England,0.18363645609098767,0.06813905791819923,0.7007644456497788,0.012322660474261404,0.033561028526874245,,,,,,,,0.0015763513398986389,58997
221,E14000751,HORNCHURCH AND UPMINSTER,London,England,0.6021946650013382,0.024462485502721027,0.2859666339548577,0.06248550272102774,0.019216700865376038,,,,,,,,0.005674011954679275,56045
222,E14000752,HORNSEY AND WOOD GREEN,London,England,0.14842759218531779,0.160531680927231,0.6539739617613536,0.00688680911177821,0.018958791517505978,,,,,,,,0.011221164496813447,62293
223,E14000753,HORSHAM,South East,England,0.5953829028667301,0.12331617919886428,0.2165292722667656,0.024730991982189813,0.02974817300401697,,,,,,,,0.010292480681433203,61987
224,E14000754,HOUGHTON AND SUNDERLAND SOUTH,North East,England,0.2971070395371263,0.0218900675024108,0.5946239151398264,0.057352941176470586,0.01747830279652845,,,,,,,,0.011547733847637416,41480
225,E14000755,HOVE,South East,England,0.3157337315091326,0.022761997360927842,0.641398708243628,,0.0168588096395583,,,,,,,,0.003246753246753247,57596
226,E14000756,HUDDERSFIELD,Yorkshire and The Humber,England,0.32999498106492675,0.026349409134461835,0.6038691426746361,,0.03182461103253183,,,,,,,,0.007961856093443445,43834
227,E14000757,HUNTINGDON,Eastern,England,0.5511553918285331,0.08523107836570663,0.30877427997320833,0.03650368385800402,0.018335565974547892,,,,,,,,,59720
228,E14000758,HYNDBURN,North West,England,0.4049599575240034,0.018229281890181852,0.533604707756294,0.043206052829520815,,,,,,,,,,45202
229,E14000759,ILFORD NORTH,London,England,0.3957235413006932,0.019531176215031826,0.5777941482027162,,,,,,,,,,0.006951134281558716,52941
230,E14000760,ILFORD SOUTH,London,England,0.20946285793572333,0.013389527724300606,0.7583467748929011,0.008273063114626151,0.009400419723537471,,,,,,,,0.0011273566089113204,57657
231,E14000761,IPSWICH,Eastern,England,0.4574574183076833,0.023212155582063868,0.47370788274634806,0.026829888339167336,0.016426462248469796,,,,,,,,0.002366192776267673,51137
232,E14000762,ISLE OF WIGHT,South East,England,0.5127619866002497,0.03678889351360786,0.22987687804616067,0.025792505269941864,0.17340458384242538,,,,,,,,0.021375152727614494,74479
233,E14000763,ISLINGTON NORTH,London,England,0.1250910282551704,0.09004515001456452,0.7297917273521701,0.007518933877075445,0.0405803961549665,,,,,,,,0.006972764346053015,54928
234,E14000764,ISLINGTON SOUTH AND FINSBURY,London,England,0.20655997003059376,0.12089741721992132,0.6282753022955733,0.019334429436616788,0.024932881017294843,,,,,,,,,48049
235,E14000765,JARROW,North East,England,0.25002905422680893,0.027032052623015595,0.6512795481486646,0.054343025823396784,0.01731631917811403,,,,,,,,,43023
236,E14000766,KEIGHLEY,Yorkshire and The Humber,England,0.46055226824457596,0.02370731330007348,0.4651738407394516,0.024964226321692384,0.015276327493522064,,,,,,,,0.010326023900684534,51714
237,E14000767,KENILWORTH AND SOUTHAM,West Midlands,England,0.6080746672901931,0.09588667407104304,0.25586017419769685,0.018101751719568987,0.022076732721498023,,,,,,,,,51321
238,E14000768,KENSINGTON,London,England,0.421775215244202,0.1221397729917005,0.42229231843214315,,0.019830907257543242,,,,,,,,0.01396178607441115,38677
239,E14000769,KETTERING,East Midlands,England,0.5792243543032953,0.03275038458424419,0.36543599708525626,,0.022589264027204275,,,,,,,,,49404
240,E14000770,KINGSTON AND SURBITON,London,England,0.3809385956447618,0.44726430570298176,0.14801055035543118,0.010855929750072373,0.008620412364501914,,,,,,,,0.004310206182250957,62178
241,E14000771,KINGSTON UPON HULL EAST,Yorkshire and The Humber,England,0.29911567225285224,0.034335935367651074,0.5828647851956985,0.07022763251269173,0.013455974671106501,,,,,,,,,36638
242,E14000772,KINGSTON UPON HULL NORTH,Yorkshire and The Humber,England,0.2522224018102473,0.050347502828511394,0.6380313560691773,0.04312806422067777,0.01627067507138624,,,,,,,,,37122
243,E14000773,KINGSTON UPON HULL WEST AND HESSLE,Yorkshire and The Humber,England,0.29848112252278314,0.06393750904093737,0.5306523940402141,0.040474468392882976,0.009605091855923622,,,,,,,,0.05684941414725879,34565
