,id,Constituency,Country/Region,Country,Con Vote,Liberal Vote,Labour Vote,Brexit Vote,Green Vote,SNP Vote,PC Vote,DUP Vote,Sinn Fein Vote,SDLP Vote,UUP Vote,Alliance Vote,Other Vote,Total votes
0,W07000049,ABERAVON,Wales,Wales,0.20627887841002596,0.5382619153110957,0.03392619786062409,0.09836065573770492,0.014241407684030635,,0.08579656940312679,,,,,,0.023134375593391987,31598
1,W07000058,ABERCONWY,Wales,Wales,0.46091322767927195,0.397081437313667,0.0571473403420681,,,,0.08485799466499294,,,,,,,31865
2,S14000001,ABERDEEN NORTH,Scotland,Scotland,0.20140058268516292,0.13201293667976371,0.07606981530484057,0.026942506615347608,0.023521235934033626,0.5400529227808516,,,,,,,,37413
3,S14000002,ABERDEEN SOUTH,Scotland,Scotland,0.3593058416232087,0.08400893991848898,0.10995223278846575,,,0.44673298566983655,,,,,,,,45638
4,S14000003,AIRDRIE AND SHOTTS,Scotland,Scotland,0.17627979483053405,0.3200241375842301,0.035678366690133766,,0.017223172080860907,0.4507945288142412,,,,,,,,39772
5,E14000530,ALDERSHOT,South East,England,0.5837436368188267,0.23537511474589,0.14437119252274055,,0.03651005591254277,,,,,,,,,47932
6,E14000531,ALDRIDGE-BROWNHILLS,West Midlands,England,0.7078948706217274,0.20370087946723603,0.060266381983630726,,0.01959737684916883,,,,,,,,0.008540491078237,39342
7,E14000532,ALTRINCHAM AND SALE WEST,North West,England,0.48045213008783305,0.3683508938516882,0.11022040428756642,,0.028595949820134033,,,,,,,,0.012380621952778335,54763
8,W07000043,ALYN AND DEESIDE,Wales,Wales,0.41987537202380953,0.42482793898809523,0.059244791666666664,0.062267485119047616,,,0.03378441220238095,,,,,,,43008
9,E14000533,AMBER VALLEY,East Midlands,England,0.6385322711611473,0.26795707419843307,0.0630500142647091,,0.03046064037571049,,,,,,,,,45567
10,S14000004,ANGUS,Scotland,Scotland,0.403544127866574,0.04750984479962937,0.05749362983553394,,,0.4914523974982627,,,,,,,,43170
11,W07000057,ARFON,Wales,Wales,0.15230102497076425,0.35609135309898876,,0.03986379583132696,,,0.45174382609892,,,,,,,29074
12,S14000005,ARGYLL AND BUTE,Scotland,Scotland,0.35234131113423517,0.06759625390218522,0.14218522372528616,,,0.43787721123829343,,,,,,,,48050
13,E14000534,ARUNDEL AND SOUTH DOWNS,South East,England,0.5791753517457009,0.15831813444502346,0.21243160500260552,,0.04102071391349661,,,,,,,,0.009054194893173528,61408
14,E14000535,ASHFIELD,East Midlands,England,0.3926296447529604,0.2444058799510004,0.022560228664761126,0.05106165781951817,0.013760718660677828,,,,,,,,0.2755818701510821,48980
15,E14000536,ASHFORD,South East,England,0.6205564528213923,0.22046654123445278,0.10070097737225062,,0.04392347524933815,,,,,,,,0.014352553322566143,60059
16,E14000537,ASHTON-UNDER-LYNE,North West,England,0.3701754840716452,0.4806760154488193,0.03615956867725965,0.08167655978641229,0.03131237201586355,,,,,,,,,38579
17,E14000538,AYLESBURY,South East,England,0.5404285525620708,0.25363180137348124,0.1664190438457475,,0.039520602218700476,,,,,,,,,60576
18,S14000006,"AYR, CARRICK AND CUMNOCK",Scotland,Scotland,0.3851090315934066,0.13347785027472528,0.04631696428571429,,,0.43509615384615385,,,,,,,,46592
19,E14000539,BANBURY,South East,England,0.5427122900144625,0.2755042036839847,0.14035059836938382,,0.04143290793216891,,,,,,,,,62921
20,S14000007,BANFF AND BUCHAN,Scotland,Scotland,0.5012304779933744,0.04103170847136772,0.05395172740179839,,,0.4037860861334595,,,,,,,,42260
21,E14000540,BARKING,London,England,0.26499471898244903,0.6116766668913908,0.033304119193689745,0.07159711454189982,0.018427380390570576,,,,,,,,,44499
22,E14000541,BARNSLEY CENTRAL,Yorkshire and The Humber,England,0.21385795192802753,0.40115979730645207,0.03186732785952361,0.3043925968078476,0.02438826111698236,,,,,,,,0.02433406498116684,36903
23,E14000542,BARNSLEY EAST,Yorkshire and The Humber,England,0.27257683215130024,0.37638560546361965,0.03493564486472288,0.29188337273443654,0.024218544785920674,,,,,,,,,38070
24,E14000543,BARROW AND FURNESS,North West,England,0.518524953307562,0.3928028493245885,0.04397776136906572,0.029427094644485948,0.015267341354297876,,,,,,,,,46046
25,E14000544,BASILDON AND BILLERICAY,East,England,0.6705493110949964,0.20798585931834662,0.08477610587382162,,0.03161258158085569,,,,,,,,0.005076142131979695,44128
26,E14000545,BASINGSTOKE,South East,England,0.5408769396669896,0.28137736918099904,0.12503426973479795,,0.039076636265604155,,,,,,,,0.013634785151609307,54713
27,E14000546,BASSETLAW,East Midlands,England,0.5522708050589091,0.2766468008103696,0.06553765661572353,0.10554473751499774,,,,,,,,,,50841
28,E14000547,BATH,South West,England,0.3087383482296981,0.12733514902758064,0.5450726917027887,0.012313475775825693,,,,,,,,,0.006540335264106793,52138
29,E14000548,BATLEY AND SPEN,Yorkshire and The Humber,England,0.3602886995295407,0.42688986717554367,0.046516900636726054,0.03170404519432426,0.013074612201711792,,,,,,,,0.12152587526215353,52927
30,E14000549,BATTERSEA,London,England,0.36050486019640865,0.4550077529719726,0.15255848075095454,0.006435800390149557,0.025493105690514696,,,,,,,,,59977
31,E14000550,BEACONSFIELD,South East,England,0.5612255477984378,0.099467754199212,,,0.03513167899357158,,,,,,,,0.3041750190087786,57868
32,E14000551,BECKENHAM,London,England,0.5396498862624864,0.2576204134111364,0.16208090198793393,,0.04064879833844328,,,,,,,,,50555
33,E14000552,BEDFORD,East,England,0.43013889769772307,0.433204372000592,0.09741865922496352,0.018942517071520688,0.020295554005200736,,,,,,,,,47301
34,N06000001,BELFAST EAST,Northern Ireland,Northern Ireland,,,,,,,,0.4917893744846272,,,0.059276711037813644,0.4489339144775592,,42445
35,N06000002,BELFAST NORTH,Northern Ireland,Northern Ireland,,,,,,,,0.43100108081652627,0.47062422252584785,,,0.09837469665762587,,49037
36,N06000003,BELFAST SOUTH,Northern Ireland,Northern Ireland,,,,,,,,0.24662105085318467,,0.5718660246663287,0.02658810609900321,0.14330968068930564,0.011615137692177733,47352
37,N06000004,BELFAST WEST,Northern Ireland,Northern Ireland,,,,,,,,0.1345985250889588,0.5380331081429529,0.0769686968181115,,0.04852766747460162,0.20187200247537518,38782
38,E14000553,BERMONDSEY AND OLD SOUTHWARK,London,England,0.16511131962808154,0.5412095879894225,0.26609229719355115,0.02758679518894481,,,,,,,,,,58615
39,S14000008,"BERWICKSHIRE, ROXBURGH AND SELKIRK",Scotland,Scotland,0.48445790840326647,0.047284837993452,0.08066458435253829,,,0.38759266925074326,,,,,,,,53146
40,E14000554,BERWICK-UPON-TWEED,North East,England,0.5686907786933909,0.21639079531691563,0.18181386401956826,,0.03310456197012515,,,,,,,,,42109
41,E14000555,BETHNAL GREEN AND BOW,London,England,0.10779036359433308,0.7273868102110234,0.0972887289059146,0.017849476569466,0.042435850863577824,,,,,,,,0.007248769855685083,60562
42,E14000556,BEVERLEY AND HOLDERNESS,Yorkshire and The Humber,England,0.6210078069552875,0.2391020133726794,0.08723992379813977,,0.025736804751410106,,,,,,,,0.026913451122483285,53542
43,E14000557,BEXHILL AND BATTLE,South East,England,0.636115952820131,0.19513309529047435,0.12319564076963431,,0.045555311119760376,,,,,,,,,59093
44,E14000558,BEXLEYHEATH AND CRAYFORD,London,England,0.5978818850298293,0.2948943254867502,0.06518521944226055,,0.03001433658604264,,,,,,,,0.012024233455117236,43246
45,E14000559,BIRKENHEAD,North West,England,0.13087953885043352,0.5903753927567389,0.03827163410427839,0.03517682912424106,0.03319237402253774,,,,,,,,0.17210423114177043,42329
46,E14000560,"BIRMINGHAM, EDGBASTON",West Midlands,England,0.3686212436212436,0.5012521262521262,0.07912020412020412,0.024735399735399736,0.02627102627102627,,,,,,,,,42328
47,E14000561,"BIRMINGHAM, ERDINGTON",West Midlands,England,0.40077776831587614,0.5029946918731727,0.03692980215163644,0.040903800845894005,0.01839393681342076,,,,,,,,,35229
48,E14000562,"BIRMINGHAM, HALL GREEN",West Midlands,England,0.13949840297858668,0.6782899586097408,0.06941845740961237,0.016575003307440796,0.015459923267373514,,,,,,,,0.08075825442724575,52911
49,E14000563,"BIRMINGHAM, HODGE HILL",West Midlands,England,0.14981223473990624,0.7865475634957669,0.016887763038019688,0.03375330533519987,0.007288402995355865,,,,,,,,0.005710730395751394,45003
50,E14000564,"BIRMINGHAM, LADYWOOD",West Midlands,England,0.11332446934802222,0.791941687639489,0.05289899805308894,0.01973028158981908,0.022104563369580704,,,,,,,,,42118
51,E14000565,"BIRMINGHAM, NORTHFIELD",West Midlands,England,0.46306093090166595,0.42500812102649776,0.04550095132024688,0.03840085386792891,0.022135597939579563,,,,,,,,0.005893544944080932,43098
52,E14000566,"BIRMINGHAM, PERRY BARR",West Midlands,England,0.26756352765321373,0.6309820390537879,0.045104040619735684,0.03278999691555745,0.020048876551118703,,,,,,,,0.0035115192065864713,42147
53,E14000567,"BIRMINGHAM, SELLY OAK",West Midlands,England,0.30929710716235065,0.5602522894050579,0.06406291062728688,0.029029453979420625,0.037358238825883926,,,,,,,,,49467
54,E14000568,"BIRMINGHAM, YARDLEY",West Midlands,England,0.29804583157598763,0.547799803177281,0.08796101035662403,0.052626646047143726,0.013566708842963588,,,,,,,,,42678
55,E14000569,BISHOP AUCKLAND,North East,England,0.5371498716661087,0.3594464903470595,0.04760629394040844,0.05579734404642339,,,,,,,,,,44805
56,E14000570,BLACKBURN,North West,England,0.2399856938483548,0.6491416309012875,0.025259298998569386,0.061918812589413445,0.01656384120171674,,,,,,,,0.007130722460658083,44736
57,E14000571,BLACKLEY AND BROUGHTON,North West,England,0.2456108550416904,0.6185457558651406,0.041172510228390906,0.07084779118545756,0.023823087679320523,,,,,,,,,38618
58,E14000572,BLACKPOOL NORTH AND CLEVELEYS,North West,England,0.5763323368724874,0.354808782599732,0.0385011854447995,,0.018941346252963613,,,,,,,,0.011416348830017523,38804
59,E14000573,BLACKPOOL SOUTH,North West,England,0.49606130923302394,0.38339643380556915,0.030776746458231558,0.06133976551050317,0.01718978993649243,,,,,,,,0.011235955056179775,32752
60,W07000072,BLAENAU GWENT,Wales,Wales,0.19024454813196995,0.4918097885436315,0.0425229160461961,0.2056653099043648,0.012773420695588868,,0.05698401667824878,,,,,,,30219
61,E14000574,BLAYDON,North East,England,0.3122304678093737,0.4333092533000591,0.08106214837678685,0.12768984917142795,0.027998511416124867,,,,,,,,0.017709769926227536,45681
62,E14000575,BLYTH VALLEY,North East,England,0.4268337453192687,0.4094079639736655,0.05264446021684329,0.08306615433564209,0.028047676154580387,,,,,,,,,40859
63,E14000576,BOGNOR REGIS AND LITTLEHAMPTON,South East,England,0.6348905764988384,0.1955762060012104,0.11020440036702263,,0.03564804872811042,,,,,,,,0.02368076840481815,51223
64,E14000577,BOLSOVER,East Midlands,England,0.4743567416953285,0.3590056162654012,0.038290739692629194,0.09036092124167357,0.016500500674822588,,,,,,,,0.021485480430144976,45938
65,E14000578,BOLTON NORTH EAST,North West,England,0.4536458811644779,0.44496739829185417,0.042405179538984296,0.04316282486913399,0.015818716135549638,,,,,,,,,43556
66,E14000579,BOLTON SOUTH EAST,North West,England,0.342774110925032,0.5298985321643188,0.03475027090927002,0.07309624667520441,0.01948083932617476,,,,,,,,,40604
67,E14000580,BOLTON WEST,North West,England,0.5528621850785022,0.37324029372388334,0.05485009533855329,,0.01904742585906122,,,,,,,,,49298
68,E14000581,BOOTLE,North West,England,0.0917151340139098,0.7944442184894457,0.037052100703623865,0.053076829218692806,0.023711717574327898,,,,,,,,,49174
69,E14000582,BOSTON AND SKEGNESS,East Midlands,England,0.7665723330775134,0.15210092095165004,0.047078856485034536,,,,,,,,,,0.03424788948580199,41696
70,E14000583,BOSWORTH,East Midlands,England,0.6389282676495606,0.1732704848313014,0.1611851431811738,,0.026616104337964276,,,,,,,,,56432
71,E14000584,BOURNEMOUTH EAST,South West,England,0.5058651621544831,0.3271502212119982,0.1099565693875066,,0.04158379672849779,,,,,,,,0.015444250517514307,49274
72,E14000585,BOURNEMOUTH WEST,South West,England,0.5339626334906584,0.31320007830001956,0.1072492768123192,,0.04558801139700285,,,,,,,,,45977
73,E14000586,BRACKNELL,South East,England,0.5868261269549218,0.22198712051517938,0.14257589696412143,,0.0384360625574977,,,,,,,,0.010174793008279668,54350
74,E14000587,BRADFORD EAST,Yorkshire and The Humber,England,0.219106463878327,0.6297528517110266,0.0750497917798298,0.06110809342748506,0.014982799203331523,,,,,,,,,44184
75,E14000588,BRADFORD SOUTH,Yorkshire and The Humber,England,0.4037140484638031,0.4627462821770967,0.03787020960720666,0.07093429958984424,0.02473516016204927,,,,,,,,,39741
76,E14000589,BRADFORD WEST,Yorkshire and The Humber,England,0.15175888479699962,0.7622060052868214,0.03047829917986489,0.03515510268633786,0.018368315221074988,,,,,,,,0.0020333928289012902,44261
77,E14000590,BRAINTREE,East,England,0.6754985247232619,0.1869145923681657,0.09463553733737302,,,,,,,,,,0.04295134557119943,50499
78,W07000068,BRECON AND RADNORSHIRE,Wales,Wales,0.5314262203828747,0.09545245528691401,0.3588421791427672,,,,,,,,,,0.014279145187444033,41319
79,E14000591,BRENT CENTRAL,London,England,0.22203451925425385,0.6468085972482293,0.09859154929577464,,0.03256533420174224,,,,,,,,,49132
80,E14000593,BRENTFORD AND ISLEWORTH,London,England,0.32150327469739054,0.5017659362891335,0.12539862154099374,0.019973939580975895,0.031358227891506364,,,,,,,,,58326
81,E14000592,BRENT NORTH,London,England,0.3629985157770967,0.5187262668902639,0.07835540392066154,0.018331116636789452,0.016384278802598354,,,,,,,,0.005204417972590065,51879
82,E14000594,BRENTWOOD AND ONGAR,East,England,0.6857164441254793,0.1367920074033504,0.13573438591852538,,0.031709758446807304,,,,,,,,0.010047404105837692,52949
83,W07000073,BRIDGEND,Wales,Wales,0.43074628279193106,0.403352590207406,0.056065915332891375,0.0428781134577138,0.01929633488019699,,0.04766076332986078,,,,,,,42236
84,E14000595,BRIDGWATER AND WEST SOMERSET,South West,England,0.6214355096093804,0.19753000763199888,0.1353812530354541,,0.03255741344619441,,,,,,,,0.013095816276972178,57652
85,E14000596,BRIGG AND GOOLE,Yorkshire and The Humber,England,0.7128934150499977,0.20736371595778996,0.050228100087553566,,0.029514768904658772,,,,,,,,,43402
86,E14000597,"BRIGHTON, KEMPTOWN",South East,England,0.34970020398491747,0.5157933777017699,0.06107184802093421,0.027342220757010694,0.046092349535367685,,,,,,,,,48533
87,E14000598,"BRIGHTON, PAVILION",South East,England,0.17545432601124178,0.2277837166798855,,0.013276319873099072,0.571588675471568,,,,,,,,0.011896961964205663,57998
88,E14000599,BRISTOL EAST,South West,England,0.3244813437128504,0.5314453349695134,0.06762664416919124,0.03606626529125283,0.04038041185719216,,,,,,,,,52154
89,E14000600,BRISTOL NORTH WEST,South West,England,0.38718797530643284,0.4890399928424443,0.08839581282991858,,0.03537621902120426,,,,,,,,,55885
90,E14000601,BRISTOL SOUTH,South West,England,0.32676280889919557,0.5053808246974418,0.07658163635046018,0.04212261758098413,0.04915211247191825,,,,,,,,,55196
91,E14000602,BRISTOL WEST,South West,England,0.1168043639444974,0.6226564982523037,,0.01150566677258765,0.24903347103061116,,,,,,,,,75528
92,E14000603,BROADLAND,East,England,0.595573652526458,0.2118925180335925,0.1613809080857188,,0.024781929550520384,,,,,,,,0.006370991803710269,56977
93,E14000604,BROMLEY AND CHISLEHURST,London,England,0.5257867708379055,0.2867708379054558,0.14530571039810386,,0.03392880656629944,,,,,,,,0.00820787429223544,45566
94,E14000605,BROMSGROVE,West Midlands,England,0.6339917452830188,0.2082473466981132,0.12490787146226415,,0.03285303655660377,,,,,,,,,54272
95,E14000606,BROXBOURNE,East,England,0.6558258039652293,0.23174752708431465,0.08499978589474586,,0.027426883055710186,,,,,,,,,46706
96,E14000607,BROXTOWE,East Midlands,England,0.4812925170068027,0.3848422347662469,,,0.03267477203647416,,,,,,,,0.10119047619047619,55272
97,E14000608,BUCKINGHAM,South East,England,0.5836143591036591,0.12036307478962463,0.26196854612499604,0.020265372372277726,,,,,,,,,0.013788647609442466,63458
98,E14000609,BURNLEY,North West,England,0.40324235583829265,0.3685614611122512,0.08980607428688693,0.08624050892673918,0.018956494972296328,,,,,,,,0.03319310486353376,38984
99,E14000610,BURTON,West Midlands,England,0.6065082687020394,0.30908120973367803,0.055008412327136935,,0.029402109237145552,,,,,,,,,48738
100,E14000611,BURY NORTH,North West,England,0.46241540530731623,0.46017377938131127,0.03381652825516108,0.026472534745201854,0.017121752311009587,,,,,,,,,46841
101,E14000612,BURY SOUTH,North West,England,0.43827823527071647,0.43028205434220473,0.046047658829613716,0.03325774754346183,0.016867565739746192,,,,,,,,0.035266738274257074,50274
102,E14000613,BURY ST EDMUNDS,East,England,0.6096163468211825,0.20630437238730087,,,0.15673773746307923,,,,,,,,0.027341543328437464,61957
103,W07000076,CAERPHILLY,Wales,Wales,0.2788094822643767,0.4491362763915547,,0.11192262631801979,,,0.1601316150260488,,,,,,,40117
104,S14000009,"CAITHNESS, SUTHERLAND AND EASTER ROSS",Scotland,Scotland,0.1645420733064183,0.06154433035572369,0.37209524112280257,0.03620815716692628,,0.36561019804812916,,,,,,,,31457
105,E14000614,CALDER VALLEY,Yorkshire and The Humber,England,0.5187652483864827,0.4188569549945495,0.04990223729517416,,,,,,,,,,0.01247555932379354,57793
106,E14000615,CAMBERWELL AND PECKHAM,London,England,0.11467110387311477,0.7126318770799405,0.0900481484103944,0.018427387948736104,0.06197337676131134,,,,,,,,0.0022481059265028677,56492
107,E14000616,CAMBORNE AND REDRUTH,South West,England,0.5313796731987214,0.35864752715071374,0.06956936089105963,,0.026981952468878433,,,,,,,,0.013421486290626799,50367
108,E14000617,CAMBRIDGE,East,England,0.1552606599787824,0.4797409220346554,0.3003405981871987,0.019375011632451748,0.04027620093431852,,,,,,,,0.0050066072325932,53729
109,E14000618,CANNOCK CHASE,West Midlands,England,0.6830911407164295,0.25385960745363073,,,0.06304925182993976,,,,,,,,,46313
110,E14000619,CANTERBURY,South East,England,0.4521817244190109,0.4827242027514847,0.056693227754395885,,,,,,,,,,0.008400845075108545,60113
111,W07000050,CARDIFF CENTRAL,Wales,Wales,0.20147290899526565,0.6122375783080676,0.15059059824972504,0.024054325474630576,,,,,,,,,0.011644588972311224,41822
112,W07000051,CARDIFF NORTH,Wales,Wales,0.3623210420385068,0.49489234040937224,0.06797554399422777,0.024892720161014695,0.015569817339459993,,0.030494056886796034,,,,,,0.003854479170622413,52666
113,W07000080,CARDIFF SOUTH AND PENARTH,Wales,Wales,0.2895470452163942,0.5413709246920658,0.05901658791197928,0.039522331402360666,0.02336938255007019,,0.047173728227129834,,,,,,,50579
114,W07000079,CARDIFF WEST,Wales,Wales,0.27983628213179723,0.5177469302899712,0.05914199709812244,0.03506074452649587,0.024536024427745416,,0.08367802152586785,,,,,,,46177
115,E14000620,CARLISLE,North West,England,0.55183915284678,0.3578009469829496,0.06598558533342663,,,,,,,,,,0.0243743148368437,42873
116,W07000067,CARMARTHEN EAST AND DINEFWR,Wales,Wales,0.34461733573972003,0.2102824252475489,,0.056363104238817616,,,0.3887371347739135,,,,,,,41002
117,W07000066,CARMARTHEN WEST AND SOUTH PEMBROKESHIRE,Wales,Wales,0.5267369520824429,0.34283136249228285,0.04416583558911526,,,,0.086265849836159,,,,,,,42114
118,E14000621,CARSHALTON AND WALLINGTON,London,England,0.424090594321561,0.12385433215202249,0.4112794818526213,0.021243227830054178,0.01545887816204326,,,,,,,,0.004073485681697829,49098
119,E14000622,CASTLE POINT,East,England,0.7672380694265646,0.16570680037039545,0.06705513020303995,,,,,,,,,,,44277
120,S14000010,CENTRAL AYRSHIRE,Scotland,Scotland,0.34774573430180084,0.1414664546353204,0.04906090170627928,,,0.4617269093565995,,,,,,,,46534
121,E14000623,CENTRAL DEVON,South West,England,0.5526759884281581,0.24752031960325113,0.15101942416310787,,0.048784267805482846,,,,,,,,,58072
122,E14000624,CENTRAL SUFFOLK AND NORTH IPSWICH,East,England,0.62672,0.21088,0.11528888888888889,,0.04711111111111111,,,,,,,,,56250
123,W07000064,CEREDIGION,Wales,Wales,0.22139384116693678,0.15751153222790176,0.17391846403191621,0.051439970078543826,0.01653160453808752,,0.3792045879566139,,,,,,,40105
124,E14000625,CHARNWOOD,East Midlands,England,0.6343538336494176,0.22982028357265422,0.08770884132574731,,0.04811704145218098,,,,,,,,,55365
125,E14000626,CHATHAM AND AYLESFORD,South East,England,0.6658052607291186,0.23802491924319336,0.06612828795569912,,0.025149976926626672,,,,,,,,0.004891555145362252,43340
126,E14000627,CHEADLE,North West,England,0.45961755183084985,0.1225515625279502,0.4178308856411999,,,,,,,,,,,55903
127,E14000628,CHELMSFORD,East,England,0.5590490529043101,0.18022828332341304,0.2505689576695494,,,,,,,,,,0.010153706102727495,57122
128,E14000629,CHELSEA AND FULHAM,London,England,0.49860105508212127,0.23220349843019158,0.2585164776489182,,,,,,,,,,0.010678968838768928,46821
129,E14000630,CHELTENHAM,South West,England,0.4799096989403103,0.04921070808834678,0.4633825833515845,,,,,,,,,,0.007497009619758411,59357
130,E14000631,CHESHAM AND AMERSHAM,South East,England,0.5540091586603214,0.12868815659513333,0.2626739696507138,,0.054628715093831375,,,,,,,,,55685
131,E14000632,CHESTERFIELD,East Midlands,England,0.37002611428318505,0.4021378303014208,0.08819103262072324,0.10558580091178683,0.025406099234276103,,,,,,,,0.008653122648607976,45186
132,E14000633,CHICHESTER,South East,England,0.5780579004947504,0.14808222980585536,0.2271606550952762,,0.04126185849811407,,,,,,,,0.005437356106003951,61243
133,E14000634,CHINGFORD AND WOODFORD GREEN,London,England,0.48470398810998266,0.45865329039715963,0.056642721492857734,,,,,,,,,,,48444
134,E14000635,CHIPPENHAM,South West,England,0.5428116079090702,0.11206851258340776,0.34511987950752204,,,,,,,,,,,57099
135,E14000636,CHIPPING BARNET,London,England,0.4472024874498428,0.426149490177005,0.103041567510292,,0.022373152217339192,,,,,,,,0.001233302645521027,57569
136,E14000637,CHORLEY,North West,England,,,,,0.09029345372460497,,,,,,,,0.909706546275395,39870
137,E14000638,CHRISTCHURCH,South West,England,0.6524224750245423,0.1264268252776655,0.17857211603241516,,0.04257858366537699,,,,,,,,,51951
138,E14000639,CITIES OF LONDON AND WESTMINSTER,London,England,0.3990590548416544,0.2720782716569529,0.3065327809376682,,0.017040001872527678,,,,,,,,0.005289890691196779,42723
139,E14000640,CITY OF CHESTER,North West,England,0.3833944281524927,0.4963709677419355,0.06843841642228739,0.025439882697947214,0.026356304985337243,,,,,,,,,54560
140,E14000641,CITY OF DURHAM,North East,England,0.31736220553019917,0.4202091733355165,0.16240610737018768,0.06655887349311283,0.03346364027098385,,,,,,,,,48859
141,E14000642,CLACTON,East,England,0.722612972923275,0.1548292189583046,0.058405737139704865,,0.028157035811152486,,,,,,,,0.0359950351675631,43506
142,E14000643,CLEETHORPES,Yorkshire and The Humber,England,0.6898940417359029,0.22769157728910852,0.05470553961026349,,0.02770884136472518,,,,,,,,,46339
143,W07000062,CLWYD SOUTH,Wales,Wales,0.44681319892028865,0.41268660827411446,0.04120531041701096,0.0404340880295268,,,0.05886079435905911,,,,,,,36306
144,W07000059,CLWYD WEST,Wales,Wales,0.5074994403402732,0.33967614357137527,0.05564261373529339,,,,0.09718180235305823,,,,,,,40203
145,S14000011,"COATBRIDGE, CHRYSTON AND BELLSHILL",Scotland,Scotland,0.1267704941830323,0.3537048174032061,0.03243400178345534,,0.01675618506459841,0.4703345015657079,,,,,,,,48221
146,E14000644,COLCHESTER,East,England,0.5043186629943979,0.32776872201300283,0.13924643546362392,,0.028666179528975325,,,,,,,,,53373
147,E14000645,COLNE VALLEY,Yorkshire and The Humber,England,0.4841686921106221,0.4003645799119753,0.06265190829665637,0.02082375353084149,0.017539249819352294,,,,,,,,0.014451816330552453,60892
148,E14000646,CONGLETON,North West,England,0.5896423392098964,0.26533643177886884,0.1052889067496025,,0.028235458564115107,,,,,,,,0.011496863697517167,57233
149,E14000647,COPELAND,North West,England,0.5374973543729276,0.4001128800884227,0.044399501446276135,,0.017990264092373538,,,,,,,,,42523
150,E14000648,CORBY,East Midlands,England,0.5524596940884663,0.3826705250103348,0.06486978090119884,,,,,,,,,,,60475
151,E14000649,COVENTRY NORTH EAST,West Midlands,England,0.35370353703537033,0.5267752677526776,0.0463729637296373,0.047475474754747546,0.025672756727567275,,,,,,,,,44444
152,E14000650,COVENTRY NORTH WEST,West Midlands,England,0.43377178284182305,0.43812835120643434,0.05690767426273458,0.040968498659517426,0.030223693029490618,,,,,,,,,47744
153,E14000651,COVENTRY SOUTH,West Midlands,England,0.42498445963946363,0.43388686617529526,0.0754373501465234,0.03179113755439126,0.02424296243672853,,,,,,,,0.009657224047597904,45044
154,E14000652,CRAWLEY,South East,England,0.5418946271468366,0.37435619952303656,0.054670434277240026,,0.029078739052886833,,,,,,,,,49899
155,E14000653,CREWE AND NANTWICH,North West,England,0.5312407462244596,0.3737785016286645,0.048452768729641695,0.025725496002368967,0.018044862303819957,,,,,,,,0.0027576251110453063,54032
156,E14000654,CROYDON CENTRAL,London,England,0.3918031270237765,0.5018780645758164,0.0653529466185586,0.018484596169858453,0.022481265611990008,,,,,,,,,54045
157,E14000655,CROYDON NORTH,London,England,0.21259148698951608,0.6562786599291481,0.08049056807351328,0.015087485838623245,0.02929381934578935,,,,,,,,0.00625797982340988,55609
158,E14000656,CROYDON SOUTH,London,England,0.5220020890191718,0.3141278344957714,0.12640250682300616,,0.030021227130294148,,,,,,,,0.007446342531756461,59358
159,S14000012,"CUMBERNAULD, KILSYTH AND KIRKINTILLOCH EAST",Scotland,Scotland,0.16153745129799063,0.244757693823053,0.06492142012870464,,,0.5287834347502517,,,,,,,,45686
160,W07000070,CYNON VALLEY,Wales,Wales,0.22195396216430746,0.5137253604974203,0.03138642677602858,0.10070776557745734,,,0.08473343034792961,,,,,,0.04749305463685673,30236
161,E14000657,DAGENHAM AND RAINHAM,London,England,0.4384360352120727,0.44513547502000683,0.027026409054532984,0.06601120384131702,0.013764719332342518,,,,,,,,0.009626157539727906,43735
162,E14000658,DARLINGTON,North East,England,0.4805048507977378,0.40477723113706376,0.04820911306266955,0.03549588486826981,0.024299967814612165,,,,,,,,0.0067129523196468805,43498
163,E14000659,DARTFORD,South East,England,0.6294726320270996,0.27480887770023876,0.06915572996686596,,0.026562760305795678,,,,,,,,,54023
164,E14000660,DAVENTRY,East Midlands,England,0.6455237531139487,0.1911920979739735,0.12250230824172953,,0.04078184067034824,,,,,,,,,57403
165,W07000042,DELYN,Wales,Wales,0.436695334897055,0.41415168100078187,0.06114151681000782,0.05136825645035184,,,0.03664321084180349,,,,,,,38370
166,E14000661,DENTON AND REDDISH,North West,England,0.34057219861096716,0.5005960402197575,0.04255208873224837,0.07875505338447186,0.02912822639162434,,,,,,,,0.00839639266093086,38588
167,E14000662,DERBY NORTH,East Midlands,England,0.45215560329242616,0.39813259033966436,0.07337771444371186,0.04058106642278325,0.02224727226322394,,,,,,,,0.013505753238190442,47017
168,E14000664,DERBYSHIRE DALES,East Midlands,England,0.5869321817018555,0.23942338451695458,0.13249760076775433,,0.0411468330134357,,,,,,,,,50016
169,E14000663,DERBY SOUTH,East Midlands,England,0.36905939428194623,0.5108096651123357,0.06172577834298903,0.05840516226272903,,,,,,,,,,42462
170,E14000665,DEVIZES,South West,England,0.6309612591749421,0.15382501864426737,0.16008556737449464,,0.055128154806295876,,,,,,,,,50954
171,E14000666,DEWSBURY,Yorkshire and The Humber,England,0.4642572132862792,0.43657450921278973,0.04266789622089415,0.03323343205235064,0.018797992516270904,,,,,,,,0.004468956711415347,56389
172,E14000668,DONCASTER CENTRAL,Yorkshire and The Humber,England,0.34535003968158534,0.40013467689569754,0.04203843101416512,0.16454630720761887,0.023592506192732256,,,,,,,,0.024338039008200862,41581
173,E14000669,DONCASTER NORTH,Yorkshire and The Humber,England,0.3285173718610251,0.3867511917047521,0.0362671384343211,0.2037937982210428,,,,,,,,,0.04467049977885891,40698
174,E14000667,DON VALLEY,Yorkshire and The Humber,England,0.43156458392939673,0.35167374606598145,0.041970200497391995,0.1374870700090235,0.01919140788344301,,,,,,,,0.018112991614763298,45437
175,E14000670,DOVER,South East,England,0.5686278377152324,0.32646298889568254,0.05709946549377724,,0.027040886767519378,,,,,,,,0.020768821127788408,50701
176,E14000671,DUDLEY NORTH,West Midlands,England,0.6306291571257224,0.3162414131501472,0.03298440737106095,,0.020145022353069458,,,,,,,,,36684
177,E14000672,DUDLEY SOUTH,West Midlands,England,0.6789971566054244,0.2534448818897638,0.043963254593175856,,0.023594706911636044,,,,,,,,,36576
178,E14000673,DULWICH AND WEST NORWOOD,London,England,0.1642224532969988,0.6547563555523683,,0.010237011007924271,0.16513679228369607,,,,,,,,0.005647387859012514,55778
179,S14000013,DUMFRIES AND GALLOWAY,Scotland,Scotland,0.4409574364658072,0.0922631200295553,0.06091893678663789,,,0.40586050671799956,,,,,,,,51429
180,S14000014,"DUMFRIESSHIRE, CLYDESDALE AND TWEEDDALE",Scotland,Scotland,0.46001261367566576,0.08487783044778549,0.07202001912395987,,,0.38308953675258883,,,,,,,,49153
181,S14000015,DUNDEE EAST,Scotland,Scotland,0.24263975086688605,0.1335114959029971,0.07891423901760275,,,0.5380435982949401,,,,,,,0.006890915917574045,45277
182,S14000016,DUNDEE WEST,Scotland,Scotland,0.12383655210563024,0.24281488251280695,0.05935688689001659,0.030568315736309193,,0.537651218163015,,,,,,,0.005772144592222035,41579
183,S14000017,DUNFERMLINE AND WEST FIFE,Scotland,Scotland,0.209547137354624,0.24359597621629708,0.079690363112823,,0.023521932612841703,0.4436445907034142,,,,,,,,53482
184,W07000061,DWYFOR MEIRIONNYDD,Wales,Wales,0.32434509489441327,0.13358727612937718,,0.05934242181234964,,,0.4827252071638599,,,,,,,29928
185,E14000674,EALING CENTRAL AND ACTON,London,England,0.270622365756199,0.5132920977247432,0.17231375554217526,0.012115240753918295,0.03165654022296422,,,,,,,,,54807
186,E14000675,EALING NORTH,London,England,0.31768451169631884,0.5648888799339122,0.08804980757993995,,0.029376800789828936,,,,,,,,,49631
187,E14000676,"EALING, SOUTHALL",London,England,0.22725442357344197,0.6082383873794917,0.09316152260937537,0.02053675059810029,0.03998389274462894,,,,,,,,0.010825023094961745,42217
188,E14000677,EASINGTON,North East,England,0.2643495358991412,0.45464534597923834,0.04412572651302663,0.19500910852152792,,,,,,,,,0.0418702830870659,34583
189,N06000005,EAST ANTRIM,Northern Ireland,Northern Ireland,0.027991733984595153,,,,0.018383832962078312,,,0.4527790451141945,0.056895950189205874,0.024207616542765896,0.1469364751348595,0.2728053460723008,,37261
190,E14000684,EASTBOURNE,South East,England,0.48882722095258824,0.06979359378967606,0.4102731526825552,0.0277505713352922,,,,,,,,,0.003355461239888272,55134
191,E14000678,EAST DEVON,South West,England,0.5084356905404772,0.04479265837404211,0.027640347728372327,,0.011096717806252243,,,,,,,,0.40803458555085603,64073
192,S14000018,EAST DUNBARTONSHIRE,Scotland,Scotland,0.14057815240142557,0.09124851501951689,0.36814316154701965,,0.01727291584167751,0.3709528389055458,,,,,,,0.011804416284814542,53031
193,E14000679,EAST HAM,London,England,0.15609211393424618,0.7633997217544116,0.03950355129237754,0.020264333308925825,0.016163872007029362,,,,,,,,0.004576407703009446,54628
194,E14000680,EAST HAMPSHIRE,South East,England,0.5878548202829774,0.11050180156428509,0.24167325775551454,,0.04569821601195184,,,,,,,,0.014271904385271114,56895
195,S14000019,"EAST KILBRIDE, STRATHAVEN AND LESMAHAGOW",Scotland,Scotland,0.21231162468715054,0.22704439356018247,0.066741218027229,,0.020466123506754,0.4635142091343167,,,,,,,0.00992243108436729,56337
196,E14000685,EASTLEIGH,South East,England,0.554340268945753,0.1281816486069424,0.28968476030591306,,0.027793322141391533,,,,,,,,,58971
197,N06000006,EAST LONDONDERRY,Northern Ireland,Northern Ireland,,,,,,,,0.40112462470103305,0.155920818278968,0.15668413821179583,0.09157294794158058,0.15065391074245585,0.04404356012416671,39302
198,S14000020,EAST LOTHIAN,Scotland,Scotland,0.2652914736896074,0.295148086749953,0.06957428263804624,,,0.3615606788235093,,,,,,,0.008425478098884009,58513
199,S14000021,EAST RENFREWSHIRE,Scotland,Scotland,0.351373809996929,0.1238325776324584,0.07540148490705782,,,0.4493921274635547,,,,,,,,55357
200,E14000681,EAST SURREY,South East,England,0.5968168872507957,0.13816384654045905,0.19406935835148267,,0.039202546490199365,,,,,,,,0.03174736136706316,59690
201,E14000682,EAST WORTHING AND SHOREHAM,South East,England,0.5102205993073332,0.3695414847161572,0.07768031922903178,,0.03775786779099533,,,,,,,,0.004799728956482457,53128
202,E14000683,EAST YORKSHIRE,Yorkshire and The Humber,England,0.6440902802781936,0.21226477666811955,0.07995224468911671,,0.03174212132123027,,,,,,,,0.03195057704333984,52769
203,E14000686,EDDISBURY,North West,England,0.568141058314927,0.21996941722829472,0.1808914311604463,,0.022484000679617148,,,,,,,,0.008514092616714807,52971
204,S14000022,EDINBURGH EAST,Scotland,Scotland,0.13696538743072256,0.26661089616229217,0.06878594583289763,,0.04316637038586218,0.48447140018822543,,,,,,,,47815
205,S14000023,EDINBURGH NORTH AND LEITH,Scotland,Scotland,0.18535993529253167,0.2210332973847398,0.11180574278781343,0.00940280399029388,0.033213130223779995,0.4368596656780803,,,,,,,0.002325424642760852,59344
206,S14000024,EDINBURGH SOUTH,Scotland,Scotland,0.164099573715113,0.47745918121129255,0.07679160299203731,,0.027286254323172204,0.25436338775838496,,,,,,,,49732
207,S14000025,EDINBURGH SOUTH WEST,Scotland,Scotland,0.24645604342905372,0.14344631792983062,0.0953559302526328,0.011989027641902131,0.024265791947209913,0.47630009015748787,,,,,,,0.002186798641882949,52131
208,S14000026,EDINBURGH WEST,Scotland,Scotland,0.17022720187776208,0.08178534098619185,0.3991344690370968,,0.018832633451304714,0.33002035464764456,,,,,,,,54533
209,E14000687,EDMONTON,London,England,0.2528940779851764,0.6498847326541236,0.05317171116234104,0.020822488287350338,0.021367839171066657,,,,,,,,0.0018591507399419946,40341
210,E14000688,ELLESMERE PORT AND NESTON,North West,England,0.3536085012103557,0.5333976121117631,0.04935789603249498,0.04386000902638165,0.019775981619004637,,,,,,,,,48746
211,E14000689,ELMET AND ROTHWELL,Yorkshire and The Humber,England,0.5792357234864749,0.2812022327179047,0.08853585229712323,,0.030485186775440102,,,,,,,,0.020541004723057105,58225
212,E14000690,ELTHAM,London,England,0.39719380164343426,0.47037011604751766,0.06731671587813866,0.034860033418022844,0.03025933301288654,,,,,,,,,43689
213,E14000691,ENFIELD NORTH,London,England,0.373984461709212,0.5180910099889012,0.06548279689234185,0.017691453940066593,0.024750277469478357,,,,,,,,,45050
214,E14000692,"ENFIELD, SOUTHGATE",London,England,0.39074794821896947,0.48487604704289705,0.09188594635755987,0.01044927658854387,0.02204078179202978,,,,,,,,,47276
215,E14000693,EPPING FOREST,East,England,0.6438290761518262,0.20273334924803055,0.10716559242460412,,0.03928940876899817,,,,,,,,0.00698257340654094,50268
216,E14000694,EPSOM AND EWELL,South East,England,0.5352138736102,0.17200719920606886,0.23457973793544262,,0.034431716876082825,,,,,,,,0.02376747237220568,59451
217,E14000695,EREWASH,East Midlands,England,0.5645921252099807,0.3473183922645143,0.050948498381611834,,0.022841807678125128,,,,,,,,0.014299176465768018,48814
218,E14000696,ERITH AND THAMESMEAD,London,England,0.3896191764933308,0.4804272182485985,0.04794123332688962,0.05427218248598492,0.02116760100521941,,,,,,,,0.006572588439976802,41384
219,E14000697,ESHER AND WALTON,South East,England,0.4935007291864815,0.04498763553357428,0.45001902225603957,,,,,,,,,,0.011492613023904636,63084
220,E14000698,EXETER,South West,England,0.34665076879271073,0.5317838838268792,,0.025412870159453302,0.08609766514806379,,,,,,,,0.010054812072892938,56192
221,S14000028,FALKIRK,Scotland,Scotland,0.25778565292096217,0.11173754295532647,0.07141323024054982,,0.03373782932416953,0.525325744558992,,,,,,,,55872
222,E14000699,FAREHAM,South East,England,0.6368384279475983,0.18118777292576418,0.13984279475982533,,0.042131004366812226,,,,,,,,,57250
223,E14000700,FAVERSHAM AND MID KENT,South East,England,0.632297495733619,0.1962138349803548,0.12243521054093741,,0.041731158471246574,,,,,,,,0.007322300273842124,50394
224,E14000701,FELTHAM AND HESTON,London,England,0.35592227730020287,0.5202986760368953,0.06540335905963063,0.0346782121269164,0.023697475476354812,,,,,,,,,47811
225,N06000007,FERMANAGH AND SOUTH TYRONE,Northern Ireland,Northern Ireland,,,,,,,,,0.43311926244040816,0.06788542610614239,0.43199637524132223,0.05220440486978448,0.014794531342342697,50762
226,E14000702,FILTON AND BRADLEY STOKE,South West,England,0.4891538919482066,0.38411593987200476,0.09287096294091382,,0.029077987795802947,,,,,,,,0.0047812174430718855,53752
227,E14000703,FINCHLEY AND GOLDERS GREEN,London,England,0.4384401821843982,0.2421927452866138,0.319367072528988,,,,,,,,,,,55109
228,E14000704,FOLKESTONE AND HYTHE,South East,England,0.6013558173036183,0.2397423947123125,0.09753410727904414,,0.04586052029489027,,,,,,,,0.015507160410134734,59005
229,E14000705,FOREST OF DEAN,South West,England,0.5960174842156386,0.28773190869354054,,,0.09093734822729481,,,,,,,,0.025313258863525985,51475
230,N06000008,FOYLE,Northern Ireland,Northern Ireland,,,,,,,,0.10124300016969286,0.2072586119124385,0.5701892075343628,0.02307822840658408,0.026875106058034958,0.07135584591888681,47144
231,E14000706,FYLDE,North West,England,0.6093572515484686,0.25334876443987225,0.08032748237210399,,0.037098951970680895,,,,,,,,0.019867549668874173,46659
232,E14000707,GAINSBOROUGH,East Midlands,England,0.6639697527720095,0.21404223641421463,0.10102652509501234,,,,,,,,,,0.020961485718763467,51046
233,E14000708,GARSTON AND HALEWOOD,North West,England,0.13040543074672767,0.7234369725837303,0.06233357086599407,0.05518883846528898,0.02218430034129693,,,,,,,,0.006450886996962083,53326
234,E14000709,GATESHEAD,North East,England,0.3473587626163324,0.536112203434264,0.0731943898282868,,0.04333464412111679,,,,,,,,,38145
235,E14000710,GEDLING,East Midlands,England,0.45478750025023523,0.4411947230396573,0.04562288551238164,0.0364342481933017,0.021960643004424157,,,,,,,,,49953
236,E14000711,GILLINGHAM AND RAINHAM,South East,England,0.6130162322120196,0.2840419513468819,0.05446277035554202,,0.022694634231254625,,,,,,,,0.025784411854301754,45958
237,S14000029,GLASGOW CENTRAL,Scotland,Scotland,0.09220795412043387,0.3310310435107842,0.04867223538212193,,0.03563146739808004,0.49245729958858,,,,,,,,40105
238,S14000030,GLASGOW EAST,Scotland,Scotland,0.14835122001922926,0.33238053166333187,0.04225242314788348,,,0.4770158251695554,,,,,,,,38483
239,S14000031,GLASGOW NORTH,Scotland,Scotland,0.10516426735928822,0.31447044845403554,0.06614904257964688,0.008841977287170844,0.036141582161310824,0.4692326821585477,,,,,,,,36191
240,S14000032,GLASGOW NORTH EAST,Scotland,Scotland,0.10487840825350037,0.39389830508474577,0.03221812822402358,,,0.4690051584377303,,,,,,,,33925
241,S14000033,GLASGOW NORTH WEST,Scotland,Scotland,0.15155404555178054,0.28486221215553037,0.06835283754876054,,,0.4952309047439285,,,,,,,,39735
242,S14000034,GLASGOW SOUTH,Scotland,Scotland,0.13146301878043126,0.2913812364310857,0.0587230992981051,0.010876209345951985,0.026368484286406847,0.4811879518580191,,,,,,,,47443
243,S14000035,GLASGOW SOUTH WEST,Scotland,Scotland,0.11463619833364996,0.34583548185741037,0.03894482590170163,0.021765679702553803,,0.4788178142046842,,,,,,,,36847
244,S14000036,GLENROTHES,Scotland,Scotland,0.1665623646079045,0.2281086025128773,0.06351995378616473,0.030712944687815914,,0.5110961344052376,,,,,,,,41546
245,E14000712,GLOUCESTER,South West,England,0.5423517595417008,0.351201547503906,0.08068596086600699,,0.025760732088386282,,,,,,,,,53764
246,S14000037,GORDON,Scotland,Scotland,0.41251162457972673,0.05458187280921382,0.10574790757564918,,,0.42715859503541026,,,,,,,,55916
247,E14000713,GOSPORT,South East,England,0.6650981363383073,0.1846738076073721,0.11295482219883186,,0.03727323385548882,,,,,,,,,48453
248,W07000046,GOWER,Wales,Wales,0.41299851625376555,0.4542961197787869,0.050267523942268785,0.031001303898206017,,,0.05143653612697271,,,,,,,44482
249,E14000714,GRANTHAM AND STAMFORD,East Midlands,England,0.6570005178294019,0.19268610610145884,0.10986911415459887,,0.04044426191454029,,,,,,,,,56003
